NOM_MUN|COD_MUN|EXP_1994|REC_1994|EXP_1995|REC_1995|EXP_1996|REC_1996|EXP_1997|REC_1997|EXP_1998|REC_1998|EXP_1999|REC_1999|EXP_2000|REC_2000|EXP_2001|REC_2001|EXP_2002|REC_2002|EXP_2003|REC_2003|EXP_2004|REC_2004|EXP_2005|REC_2005|EXP_2006|REC_2006|EXP_2007|REC_2007
ABEJORRAL|05002|0|0|0|0|0|0|0|0|1|0|11|0|104|19|339|123|569|141|215|57|365|188|275|101|191|58||15
ABREGO|54003|0|0|0|0|1|0|67|0|199|0|50|480|245|0|172|40|206|38|73|55|228|155|160|300|270|232||57
ABRIAQUÍ|05004|0|0|0|0|0|0|0|0|0|0|8|0|9|205|3|0|9|0|6|0|7|6|21|0|1|0||
ACACÍAS|50006|0|0|0|0|0|0|0|0|11|4|10|0|57|192|129|461|470|898|87|454|198|711|154|1281|110|1232||57
ACANDÍ|27006|0|0|0|0|0|0|6|0|57|1|48|460|831|0|915|1146|313|308|72|37|86|5|96|5|68|26||
ACEVEDO|41006|0|0|0|0|0|0|21|0|24|0|2|70|44|527|82|197|284|248|385|127|436|139|206|185|285|217|1|86
ACHÍ|13006|0|0|0|0|0|0|0|0|359|188|120|375|1011|0|1053|113|1885|179|662|327|369|111|395|36|257|48||4
AGRADO|41013|0|0|0|0|0|0|0|0|0|0|0|0|9|0|0|0|7|18|6|4|6|0|9|5|8|22||
AGUA DE DIOS|25001|0|0|0|0|0|0|1|0|17|0|3|0|8|0|40|76|64|86|25|36|18|7|11|71|8|31||8
AGUACHICA|20011|0|0|0|0|5|0|32|0|190|63|89|1008|271|293|733|901|915|1895|392|1546|648|1242|793|1222|554|491||201
AGUADA|68013|0|0|0|0|0|0|0|0|0|0|23|0|0|0|9|0|5|0|0|0|18|0|19|25|7|3||
AGUADAS|17013|0|0|0|0|0|0|0|0|0|0|0|15|0|0|28|0|151|53|144|103|235|161|136|114|132|47||15
AGUAZUL|85010|0|0|0|0|0|0|0|0|18|0|113|130|242|243|185|210|354|158|217|139|323|111|301|114|135|132||27
AGUSTÍN CODAZZI|20013|0|0|0|0|0|0|38|2|1068|1376|49|548|1140|526|4242|4233|2902|6411|1504|1208|3165|3486|1960|1029|1354|1113|7|134
AIPE|41016|0|0|0|0|0|0|0|0|9|9|0|0|23|0|100|229|109|354|83|118|83|113|114|152|102|165||26
ALBÁN|25019|0|0|0|0|0|0|0|0|0|0|0|0|0|1|0|5|173|90|98|45|41|20|41|57|4|21||4
ALBÁN|52019|0|0|0|0|0|0|0|0|0|0|0|0|0|0|21|36|105|0|9|71|6|55|20|35|14|24||9
ALBANIA|18029|0|0|0|0|22|0|0|0|2|0|30|0|36|49|202|54|465|41|182|110|211|94|210|152|224|38||36
ALBANIA|44035|0|0|0|0|0|0|0|0|0|0|0|0|0|0|0|0|8|8|0|0|6|8|160|372|26|81|22|36
ALBANIA|68020|0|0|0|0|0|0|10|0|1|0|1|0|12|0|23|0|21|0|15|0|28|7|27|0|3|0||
ALCALÁ|76020|0|0|0|0|0|0|0|0|0|0|0|0|6|0|0|19|11|13|5|14|26|35|25|89|31|21||17
ALDANA|52022|0|0|0|0|0|0|0|0|0|0|0|0|0|0|0|0|0|15|1|16|7|0|7|0|6|0||
ALEJANDRÍA|05021|0|0|0|0|0|0|0|0|1|0|7|290|145|0|1254|1969|324|0|103|0|42|17|21|15|31|17||7
ALGARROBO|47030|0|0|0|0|0|0|0|0|0|0|0|0|0|0|1|1186|0|0|0|495|140|48|119|63|94|0||
ALGECIRAS|41020|0|0|0|0|11|0|25|0|20|14|25|271|74|26|240|92|888|81|864|43|776|168|717|48|708|103|6|9
ALMAGUER|19022|0|0|0|0|0|0|0|0|0|0|0|0|9|60|68|0|117|24|66|18|45|5|62|11|220|5||
ALMEIDA|15022|0|0|0|0|0|0|0|0|0|0|0|0|0|0|0|0|0|0|2|0|2|0|3|0|0|0||
ALPUJARRA|73024|0|0|0|0|0|0|0|0|0|0|1|0|29|65|79|0|151|0|102|0|72|5|22|0|48|40||5
ALTAMIRA|41026|0|0|0|0|0|0|0|0|0|0|0|0|2|0|0|12|5|11|5|22|5|68|22|23|10|16||2
ALTO BAUDO|27025|0|0|0|0|0|0|0|0|47|0|17|0|486|0|2624|2|788|12|316|95|57|145|128|0|120|0||
ALTOS DEL ROSARIO|13030|0|0|0|0|0|0|0|0|48|0|353|360|289|0|471|0|236|7|108|13|124|5|166|0|214|31||
ALVARADO|73026|0|0|0|0|0|0|5|0|0|0|0|0|15|0|42|5|89|5|92|15|118|68|115|54|56|18||
AMAGÁ|05030|0|0|0|0|0|0|0|0|8|0|1|0|25|4|44|0|67|10|93|0|33|15|19|70|25|59||5
AMALFI|05031|0|0|0|0|0|0|3|0|56|0|23|0|176|0|520|348|346|191|56|4|61|21|55|9|104|50||
AMBALEMA|73030|0|0|0|0|0|0|0|0|1|0|6|0|11|0|0|0|36|2|0|10|29|22|25|16|37|37||10
ANAPOIMA|25035|0|0|0|0|0|0|0|0|0|0|0|0|0|0|12|43|28|97|37|32|31|21|29|79|9|71||5
ANCUYÁ|52036|0|0|0|0|0|0|0|0|0|0|0|45|0|0|3|0|3|5|13|72|3|82|3|28|0|28||26
ANDALUCÍA|76036|0|0|0|0|0|0|0|0|1|0|5|0|68|2|37|2|25|18|9|14|25|31|7|80|37|5||
ANDES|05034|0|0|0|0|4|0|0|0|8|0|6|21|38|9|211|13|130|17|80|17|84|100|75|11|132|29||
ANGELÓPOLIS|05036|0|0|0|0|0|0|0|0|59|0|78|172|152|43|55|139|14|10|13|0|15|7|13|0|8|11||
ANGOSTURA|05038|0|0|0|0|0|0|0|0|9|0|2|0|35|0|438|384|85|13|41|0|14|9|95|0|89|18||
ANOLAIMA|25040|0|0|0|0|0|0|0|0|1|0|0|0|0|0|36|0|30|22|47|7|52|49|40|66|35|48||7
ANORÍ|05040|0|0|0|0|0|0|0|0|22|0|31|0|299|0|1182|160|284|12|81|4|190|334|100|119|144|52|8|42
ANSERMA|17042|0|0|0|0|0|0|0|0|0|6|3|0|20|5|46|311|108|123|189|58|273|122|277|117|278|135|5|35
ANSERMANUEVO|76041|0|0|0|0|0|0|0|0|0|0|0|0|0|0|13|4|1|22|20|42|17|32|37|106|56|68||35
ANZA|05044|0|0|0|0|0|0|0|0|12|0|9|0|122|4206|17|6|30|0|40|0|47|49|19|0|17|0||
ANZOÁTEGUI|73043|0|0|0|0|0|0|0|0|4|0|6|0|55|0|138|0|380|6|243|15|191|25|171|37|149|42|1|4
APARTADÓ|05045|0|0|16|0|249|13|760|230|2135|796|499|1027|2346|1790|2551|2738|2033|2460|584|2068|629|2247|1536|2504|1354|2141|20|366
APÍA|66045|0|0|0|0|0|0|0|0|0|0|0|0|0|0|28|18|65|40|58|31|51|125|66|194|67|50||28
APULO|25599|0|0|0|0|0|0|0|0|0|0|0|20|13|0|0|0|44|0|8|0|31|5|48|24|25|45||9
AQUITANIA|15047|0|0|0|0|0|0|0|0|0|0|16|0|39|0|19|14|24|12|96|218|40|71|50|70|27|14||
ARACATACA|47053|0|0|0|0|8|0|23|0|38|0|25|265|688|0|769|658|911|239|1199|428|818|616|545|421|512|252|6|56
ARANZAZU|17050|0|0|0|0|0|0|0|0|1|0|0|0|0|0|7|0|61|73|16|44|20|10|8|18|38|25||12
ARATOCA|68051|0|0|0|0|0|0|0|0|0|0|0|0|0|0|4|11|0|5|1|1|0|8|15|0|1|10||
ARAUCA|81001|0|0|0|0|0|0|27|0|49|0|30|1020|338|1090|259|1207|1522|2018|765|2327|717|2069|833|1775|636|1674||145
ARAUQUITA|81065|0|0|0|0|0|0|9|5|72|0|3|158|46|30|131|50|212|120|224|92|640|986|587|361|819|259|25|28
ARBELÁEZ|25053|0|0|0|0|0|0|0|0|10|0|0|115|12|0|38|0|159|0|67|13|45|8|94|68|31|110||27
ARBOLEDA|52051|0|0|0|0|0|0|0|0|0|0|0|0|4|0|1|18|28|0|2|47|11|31|0|24|6|32||5
ARBOLEDAS|54051|0|0|0|0|0|0|7|0|1|0|0|0|12|0|72|60|144|0|174|38|57|28|64|4|67|38||6
ARBOLETES|05051|0|0|13|0|38|0|63|0|260|7|40|15|352|455|573|173|394|118|137|14|139|22|95|5|114|59||13
ARCABUCO|15051|0|0|0|0|0|0|0|0|0|0|0|0|0|0|0|0|1|0|1|6|0|40|0|11|0|9||3
ARENAL|13042|0|0|0|0|0|0|0|0|27|0|33|260|512|559|211|109|278|119|112|177|263|318|134|42|122|28|6|2
ARGELIA|05055|0|0|0|0|0|0|0|0|11|0|16|0|203|0|241|1|1449|1299|949|2123|670|1002|2940|3269|495|103|6|4
ARGELIA|19050|0|0|0|0|0|0|0|0|0|0|0|70|30|0|305|0|340|6|195|84|169|8|208|0|613|66|11|17
ARGELIA|76054|0|0|0|0|0|0|0|0|0|0|0|0|20|0|12|0|15|0|18|17|5|8|109|114|53|35||9
ARIGUANÍ|47058|0|0|0|0|0|0|19|0|22|0|11|481|302|128|201|339|221|128|129|71|106|8|108|0|157|22||36
ARJONA|13052|0|0|0|0|0|0|5|0|1|0|0|130|35|0|94|1078|147|828|53|767|48|396|54|346|36|304||11
ARMENIA|05059|0|0|0|0|0|0|0|0|5|0|0|0|26|0|40|0|33|0|1|21|28|14|5|0|8|0||
ARMENIA|63001|0|0|0|0|17|0|5|3|6|5|7|67|9|344|34|1226|62|3574|42|2164|72|2319|115|2467|86|1029||365
ARMERO|73055|0|0|0|0|0|0|0|0|2|1|7|0|192|0|51|50|83|42|119|38|83|42|79|43|93|14||
ARROYOHONDO|13062|0|0|0|0|0|0|0|0|0|0|0|0|0|0|18|0|25|0|0|0|10|0|22|0|10|0||
ASTREA|20032|0|0|0|0|0|0|21|0|8|0|25|0|1201|386|343|238|318|37|153|15|139|57|171|23|118|44||36
ATACO|73067|0|0|0|0|0|5|100|0|44|27|94|141|871|33|1721|229|2518|1266|358|5|518|34|591|84|730|8|7|7
ATRATO|27050|0|0|0|0|0|0|0|0|0|0|0|210|54|0|27|49|98|11|476|0|68|0|34|0|37|0||
AYAPEL|23068|0|0|0|0|0|0|0|0|18|0|0|100|31|0|65|0|154|322|51|244|56|82|66|98|70|153||5
BAGADÓ|27073|0|0|0|0|0|0|31|0|5|0|5|78|1423|154|753|25|421|74|343|5|218|31|223|0|267|0|7|
BAHÍA SOLANO|27075|0|0|0|0|0|0|0|0|14|0|2|4500|28|0|17|768|47|44|14|13|22|0|9|150|15|34||
BAJO BAUDÓ|27077|0|0|0|0|0|0|0|0|10|0|5|0|71|0|48|0|93|0|85|0|88|13|990|1797|127|217||
BALBOA|19075|0|0|0|0|0|0|0|0|0|0|2|0|30|0|51|25|75|35|50|17|137|71|215|137|589|80|2|11
BALBOA|66075|0|0|0|0|0|0|0|0|0|0|8|0|7|395|6|180|13|126|46|85|41|73|5|56|14|48||34
BARANOA|08078|0|0|0|0|0|0|0|0|0|0|0|0|5|5|15|125|20|230|14|102|5|149|34|129|31|88|5|29
BARAYA|41078|0|0|1|0|0|0|13|2|45|0|10|28|43|0|51|217|228|243|486|605|262|243|351|97|287|182||43
BARBACOAS|52079|0|0|0|0|0|0|0|0|17|0|22|185|65|0|807|150|936|331|711|990|467|1038|950|2269|847|179|3|16
BARBOSA|05079|0|0|0|0|0|0|0|6|0|18|0|0|247|626|121|257|215|219|40|151|50|145|28|81|41|17|5|5
BARBOSA|68077|0|0|0|0|0|0|0|0|0|0|0|520|0|48|23|240|10|189|38|131|20|73|21|111|32|88||32
BARICHARA|68079|0|0|0|0|0|0|0|0|8|0|0|0|0|0|12|19|9|0|0|0|0|0|0|0|0|0||
BARRANCA DE UPÍA|50110|0|0|0|0|0|0|0|0|0|0|6|0|15|0|9|63|13|8|9|25|45|5|80|42|36|85||
BARRANCABERMEJA|68081|0|0|0|0|21|0|57|1|674|468|334|9121|2684|9962|6005|11055|2002|4448|842|2736|1085|4669|1510|4562|1373|2693|6|925
BARRANCAS|44078|0|0|0|0|8|0|16|11|6|0|0|91|90|0|129|196|72|142|398|1076|96|163|119|190|177|136|6|52
BARRANCO DE LOBA|13074|0|0|0|0|0|0|0|0|61|0|323|270|761|84|526|310|528|672|171|108|159|69|280|5|1008|3629||
BARRANCO MINAS|94343|0|0|0|0|0|0|0|0|8|0|2|0|15|0|54|0|122|9|111|0|200|101|237|6|63|0||
BARRANQUILLA|08001|0|0|0|0|4|18|11|53|12|1234|0|5380|36|9705|147|12500|161|14299|136|6412|219|7443|246|9089|239|4981|19|674
BECERRIL|20045|0|0|0|0|0|0|24|0|213|16|73|50|328|458|850|770|1110|909|727|491|551|189|408|352|216|81|7|9
BELALCÁZAR|17088|0|0|0|0|0|0|0|0|0|0|3|0|0|0|17|24|11|8|3|27|19|23|28|18|11|6||5
BELÉN|15087|0|0|0|0|0|0|0|0|0|0|0|0|0|0|0|0|5|0|4|0|20|0|7|15|3|5||6
BELÉN|52083|0|0|0|0|0|0|0|0|0|0|0|0|11|4|26|10|62|0|36|0|44|0|2|8|8|0||
BELÉN DE BAJIRÁ|27086|0|0|0|0|0|0|19|0|6|0|0|0|0|0|0|0|0|0|3|0|25|38|29|10|60|0|7|
BELÉN DE LOS ANDAQUIES|18094|0|0|0|0|0|0|14|0|8|0|29|0|65|0|381|575|949|630|456|431|367|234|575|559|443|224|7|124
BELÉN DE UMBRÍA|66088|0|0|0|0|0|0|0|0|8|0|5|0|18|11|59|58|156|135|86|23|162|56|159|238|97|117|4|21
BELLO|05088|0|0|0|5|0|24|10|10|6|76|4|703|33|523|551|1591|85|2644|67|1328|44|1129|72|1058|123|1223|8|591
BELMIRA|05086|0|0|0|0|0|0|0|0|0|0|0|0|19|0|12|0|3|0|4|7|4|0|5|0|3|1||
BELTRÁN|25086|0|0|0|0|0|0|0|0|0|0|0|0|11|0|13|30|32|10|51|5|31|45|25|57|26|1||3
BERBEO|15090|0|0|0|0|0|0|0|0|0|0|0|0|0|0|0|35|6|16|3|0|6|5|9|8|1|21||5
BETANIA|05091|0|0|0|0|0|0|0|0|2|0|24|0|45|100|36|0|70|0|23|28|20|7|23|0|30|19||4
BETÉITIVA|15092|0|0|0|0|0|0|0|0|0|0|0|0|0|0|0|0|0|0|0|0|0|8|0|0|7|6||
BETULIA|05093|0|0|0|0|0|0|0|0|45|0|72|550|530|7517|233|101|396|10|110|6|219|12|114|38|139|22||27
BETULIA|68092|0|0|0|0|0|0|20|0|14|0|19|0|34|0|64|0|41|27|72|5|39|17|56|29|30|0|4|2
BITUIMA|25095|0|0|0|0|0|0|0|0|4|0|0|0|0|0|0|0|36|0|51|0|29|15|6|0|8|0||
BOAVITA|15097|0|0|0|0|0|0|0|0|0|0|0|0|0|0|0|0|30|0|0|0|16|2|3|0|3|0||6
BOCHALEMA|54099|0|0|0|0|0|0|0|0|0|0|0|0|0|1|0|0|9|8|57|33|4|27|10|20|23|47||24
BOGOTÁ|11001|0|4|0|19|0|1184|16|1859|7|4796|28|35944|32|42369|44|62371|146|72310|115|38766|185|49931|455|58904|570|48227|33|12582
BOJACÁ|25099|0|0|0|0|0|0|0|0|0|0|0|0|10|0|0|10|0|17|2|19|11|61|3|7|0|3||
BOJAYA|27099|0|0|0|0|4|0|0|0|11|0|23|154|1792|45|226|4|3241|0|792|693|605|590|2131|4873|175|65||
BOLÍVAR|19100|0|0|0|0|0|0|0|0|1|0|1|70|32|40|338|113|604|83|291|276|454|58|368|85|904|64||16
BOLÍVAR|68101|0|0|0|0|0|0|12|0|20|0|11|29|45|0|78|100|601|53|99|20|96|5|114|40|97|21||7
BOLÍVAR|76100|0|0|0|0|0|0|0|0|0|0|1|146|11|0|2|0|61|0|17|0|145|14|239|82|131|17|5|3
BOSCONIA|20060|0|0|0|0|0|0|12|0|66|0|21|363|358|408|453|900|737|1168|820|596|498|1595|367|955|283|591||168
BOYACÁ|15104|0|0|0|0|0|0|0|0|0|0|0|0|0|0|15|0|9|0|7|7|21|3|10|0|4|11|6|
BRICEÑO|05107|0|0|0|0|0|0|10|0|0|0|0|0|326|299|525|336|149|5|55|72|30|5|44|6|162|21||15
BRICEÑO|15106|0|0|0|0|0|0|0|0|0|0|0|0|0|0|0|0|8|0|6|0|4|0|6|0|10|0||
BUCARAMANGA|68001|0|0|0|5|9|12|10|53|151|1124|55|9007|63|3418|284|10397|402|10181|238|8241|304|8584|334|9078|288|4117|6|1236
BUCARASICA|54109|0|0|0|0|0|0|0|0|5|4|0|1|0|0|48|0|37|0|30|10|12|8|18|0|107|7||
BUENAVENTURA|76109|0|0|0|0|0|0|0|0|16|16|42|1842|5706|12036|9596|13604|3118|6753|12977|20285|687|5823|1217|3690|3543|4129|13|641
BUENAVISTA|15109|0|0|0|0|0|0|0|0|0|0|0|0|6|0|14|31|0|15|0|6|0|7|14|8|14|14||
BUENAVISTA|23079|0|0|0|0|0|0|0|0|13|10|0|120|24|1|70|48|29|228|23|131|31|135|12|129|28|144||19
BUENAVISTA|63111|0|0|0|0|0|0|0|0|0|0|0|0|0|0|0|55|8|141|6|23|0|62|0|93|5|25||5
BUENAVISTA|70110|0|0|0|0|0|0|0|0|0|0|0|0|20|0|39|21|66|264|49|432|21|69|23|62|24|40||4
BUENOS AIRES|19110|0|0|0|0|0|0|5|0|42|0|6|135|202|610|1885|5145|332|51|150|30|249|37|179|88|120|84||5
BUESACO|52110|0|0|0|0|0|0|0|0|0|0|0|0|1|51|2|30|72|94|97|79|55|89|104|220|38|60||25
BUGALAGRANDE|76113|0|0|0|0|0|0|0|0|0|0|19|500|440|981|115|109|62|49|62|218|149|119|188|148|166|126||10
BURITICÁ|05113|0|0|0|0|0|0|0|0|18|0|0|18|45|22|2046|2683|32|0|21|0|29|15|74|50|66|23|6|
BUSBANZÁ|15114||||||||||||0||0||0||0||0||0||0||||
CABRERA|25120|0|0|0|0|1|0|11|0|6|0|6|102|26|0|28|0|120|10|91|0|108|47|47|47|68|84|4|14
CABRERA|68121|0|0|0|0|0|0|0|0|0|0|0|0|0|0|0|0|4|0|0|0|3|0|1|0|5|0||
CABUYARO|50124|0|0|0|0|0|0|4|0|0|0|2|11|40|0|14|0|22|0|20|0|42|9|24|18|20|22||
CACAHUAL|94886||||||||||||0||0||0||0||0||0||0||||
CÁCERES|05120|0|0|0|0|0|0|16|0|111|0|47|40|183|0|681|778|580|309|68|116|262|119|167|90|262|63||106
CACHIPAY|25123|0|0|0|0|0|0|0|0|0|0|0|0|0|11|0|22|5|73|30|69|25|21|22|27|17|0||
CACHIRÁ|54128|0|0|0|0|0|0|0|0|60|0|35|85|137|13|157|0|198|125|80|62|129|18|66|54|119|44||8
CÁCOTA|54125|0|0|0|0|0|0|0|0|0|0|0|0|0|0|0|0|4|0|3|0|2|4|4|0|1|0||
CAICEDO|05125|0|0|0|0|0|0|0|0|17|0|14|0|32|0|61|0|81|11|60|27|42|8|70|7|76|30||14
CAICEDONIA|76122|0|0|0|0|0|0|0|0|0|0|19|0|16|240|221|218|169|101|92|29|145|143|126|30|75|28||12
CAIMITO|70124|0|0|0|0|0|0|0|0|14|0|0|55|18|5|38|0|146|4|15|2|33|8|15|0|54|0||
CAJAMARCA|73124|0|0|0|0|0|0|0|0|8|0|0|0|13|0|112|41|194|62|321|236|424|573|210|474|274|119|7|78
CAJIBÍO|19130|0|0|0|0|0|0|0|0|0|0|15|68|905|1026|2067|1505|518|57|202|4|198|80|246|25|237|27||7
CAJICÁ|25126|0|0|0|0|0|0|0|0|6|0|0|0|0|0|6|33|0|99|3|89|2|83|12|141|1|107||3
CALAMAR|13140|0|0|0|0|0|0|0|0|17|0|6|0|155|1|121|7|328|0|64|0|172|1|100|17|120|19|6|
CALAMAR|95015|0|0|0|0|5|0|11|0|7|0|29|0|60|0|85|4|647|41|481|0|509|185|593|38|524|214||26
CALARCA|63130|0|0|0|0|0|0|0|0|4|0|0|0|32|30|59|334|121|494|68|225|144|457|145|596|92|236||71
CALDAS|05129|0|0|0|0|0|0|0|0|4|25|11|4|33|127|36|219|36|219|36|282|48|65|32|129|31|132||31
CALDAS|15131|0|0|0|0|0|0|0|0|0|0|5|0|0|0|0|8|3|0|0|0|0|0|0|0|3|0||
CALDONO|19137|0|0|0|0|0|0|14|0|0|6|0|737|24|0|74|70|80|19|34|12|76|12|118|18|82|25||
CALI|76001|0|0|0|0|9|0|12|22|14|14|13|9253|253|7019|373|11340|522|14027|371|11998|499|11455|466|30031|439|7479|7|1859
CALIFORNIA|68132|0|0|0|0|0|0|5|0|0|0|0|0|0|0|15|0|40|0|0|0|2|0|1|0|0|0||
CALIMA|76126|0|0|0|0|0|0|0|0|0|0|0|0|0|0|230|427|100|34|59|0|171|804|94|25|154|65||11
CALOTO|19142|0|0|0|0|0|0|3|0|4|1|0|137|6|255|153|1088|154|255|82|43|53|2|99|482|455|1899||10
CAMPAMENTO|05134|0|0|0|20|0|17|8|6|5|11|0|2|44|58|163|11|192|18|35|37|66|0|58|0|48|6||
CAMPO DE LA CRUZ|08137|0|0|0|0|0|0|0|0|0|0|0|70|0|7|9|23|5|137|0|0|15|36|7|47|15|50||
CAMPOALEGRE|41132|0|0|0|0|0|0|5|0|5|0|4|126|13|159|33|162|75|510|137|274|84|391|111|287|176|282||114
CAMPOHERMOSO|15135|0|0|0|0|0|0|0|0|0|0|0|0|11|0|36|20|74|105|7|6|54|0|15|0|22|0||
CANALETE|23090|5|0|0|0|9|5|22|0|32|0|2|0|28|11|109|0|96|5|51|0|48|10|32|32|18|160||4
CAÑASGORDAS|05138|0|0|0|0|0|0|13|0|179|0|84|40|262|50|598|157|147|0|78|34|84|28|127|15|180|10|7|
CANDELARIA|08141|0|0|0|0|0|0|0|0|0|0|0|0|13|0|0|11|0|0|0|1|0|0|0|56|10|0||2
CANDELARIA|76130|0|0|0|0|0|0|0|0|0|0|0|110|0|0|0|28|11|63|10|72|18|188|26|184|15|155||17
CANTAGALLO|13160|0|0|0|0|0|0|5|0|63|0|18|2634|1015|997|3245|1838|637|1063|160|4|287|24|581|59|483|108|1|17
CAPARRAPÍ|25148|0|0|0|0|5|0|11|0|32|0|62|10|518|500|712|540|382|249|209|127|147|21|135|38|142|87||1
CAPITANEJO|68147|0|0|0|0|0|0|7|0|4|3|10|60|1|0|229|23|96|38|28|14|1|5|26|42|31|4||
CAQUEZA|25151|0|0|0|0|0|0|0|0|6|0|1|112|23|61|20|0|41|0|7|4|9|40|47|68|3|24||3
CARACOLÍ|05142|0|0|0|0|0|0|6|0|8|0|0|0|46|0|6|4|15|12|1|0|5|0|24|3|5|5||
CARAMANTA|05145|0|0|0|0|0|0|0|0|0|0|0|0|0|0|29|47|27|0|22|0|9|0|9|7|24|6||
CARCASÍ|68152|0|0|0|0|0|0|14|0|18|0|0|0|6|0|34|0|47|6|14|0|5|7|10|4|13|0||
CAREPA|05147|0|0|5|0|51|0|196|0|279|106|69|3174|530|2599|947|3528|417|866|180|304|303|230|251|233|245|131||39
CARMEN DE APICALÁ|73148|0|0|0|0|0|0|6|0|0|0|0|0|0|0|13|0|0|16|12|137|31|14|11|0|21|20||3
CARMEN DE CARUPA|25154|0|0|0|0|0|0|15|0|0|0|0|0|0|0|0|0|5|0|0|6|0|22|0|24|0|5||
CARMEN DEL DARIEN|27150|0|0|0|0|0|0|0|0|0|0|0|0|8|0|1385|0|1043|934|80|116|341|245|44|20|31|1||
CAROLINA|05150|0|0|0|0|0|0|0|0|0|0|0|0|4|30|20|46|47|81|0|7|8|0|5|0|0|0||
CARTAGENA|13001|0|0|0|0|8|10|29|4|66|173|250|6845|573|8924|1932|12625|1800|15133|674|12187|626|11042|467|14347|380|11751|14|696
CARTAGENA DEL CHAIRÁ|18150|0|0|0|0|4|4|166|0|179|18|514|123|1455|187|600|48|1077|43|1030|3|5515|6306|2555|475|2330|507|39|126
CARTAGO|76147|0|0|0|0|0|0|5|0|6|0|0|0|6|203|26|36|14|190|14|513|20|1233|38|785|44|265||45
CARURU|97161|0|0|0|0|0|0|0|0|1|0|2|0|5|0|0|0|35|0|39|0|149|206|182|210|42|18||
CASABIANCA|73152|0|0|0|0|0|0|0|0|0|8|9|0|1|0|56|0|96|5|187|21|129|45|116|0|131|4|11|
CASTILLA LA NUEVA|50150|0|0|0|0|0|0|0|0|0|1|0|0|9|6|23|7|30|28|8|10|34|51|48|91|29|41||17
CAUCASIA|05154|0|0|3|0|0|0|5|0|70|3|73|165|331|76|611|1797|383|1296|127|447|265|384|339|1626|206|790|4|238
CEPITÁ|68160|0|0|0|0|0|0|0|0|0|0|0|0|10|2|4|0|13|0|13|0|14|5|10|0|22|0||
CERETÉ|23162|0|0|0|0|0|0|6|0|0|7|1|121|22|20|32|319|70|1867|24|658|29|56|72|62|34|241||53
CERINZA|15162|0|0|0|0|0|0|0|0|0|0|0|0|0|0|0|5|0|0|5|0|0|0|5|0|4|0||
CERRITO|68162|0|0|0|0|0|0|0|0|169|236|5|257|9|2|57|0|102|0|14|23|17|6|6|21|13|22||
CERRO SAN ANTONIO|47161|0|0|0|0|0|0|0|0|13|0|0|0|37|2|84|0|111|0|86|0|110|14|131|8|107|0||
CÉRTEGUI|27160|0|0|0|0|0|0|0|0|0|0|0|0|0|0|0|0|0|0|0|0|0|0|0|0|14|0||
CHACHAGÜÍ|52240|0|0|0|0|0|0|0|0|1|0|0|0|0|60|0|38|4|76|7|125|78|51|8|100|11|7||31
CHAGUANÍ|25168|0|0|0|0|0|0|0|0|0|0|0|50|8|0|15|0|207|1|117|33|42|0|29|8|30|19||
CHALÁN|70230|0|0|0|0|7|0|9|0|62|0|39|308|753|1370|896|1356|950|32|185|0|300|17|310|0|158|18||
CHAMEZA|85015|0|0|0|0|0|0|0|0|6|0|3|0|23|0|1379|12|129|198|351|42|40|75|13|25|3|16||
CHAPARRAL|73168|0|0|0|0|0|8|53|19|143|97|82|989|289|1994|600|1343|1386|347|702|192|758|240|936|155|1157|157|18|102
CHARALÁ|68167|0|0|0|0|0|0|0|0|0|0|1|0|0|0|0|0|4|0|19|5|20|10|25|14|21|9||3
CHARTA|68169|0|0|0|0|0|0|4|0|6|0|2|0|1|0|83|1|36|0|57|3|13|15|11|16|21|0||1
CHÍA|25175|0|0|0|0|0|0|0|0|0|0|0|0|0|4|0|79|4|124|0|279|9|367|0|344|0|362||41
CHIBOLO|47170|0|0|0|0|0|0|13|0|83|1|167|168|557|144|478|0|546|24|291|18|318|45|250|2|267|6|6|18
CHIGORODÓ|05172|0|0|18|0|59|0|333|0|536|11|147|464|836|1900|887|683|667|933|268|172|182|164|320|246|443|178||34
CHIMÁ|23168|0|0|0|0|0|0|0|0|0|0|0|60|10|0|10|26|22|2|3|0|18|0|13|0|7|0||
CHIMA|68176|0|0|0|0|0|0|0|0|0|0|0|0|6|0|0|0|111|38|32|51|19|5|36|0|39|19||
CHIMICHAGUA|20175|0|0|0|0|0|0|1|0|17|0|0|0|138|9|332|286|291|0|211|15|175|57|217|32|169|18|4|
CHINÁCOTA|54172|0|0|0|0|0|0|0|0|0|0|0|0|1|0|11|3|26|64|2|28|4|31|5|47|27|22||37
CHINAVITA|15172|0|0|0|0|0|0|0|0|0|0|0|0|0|0|0|18|3|40|33|18|12|7|0|17|7|0||
CHINCHINÁ|17174|0|0|0|0|0|0|0|0|0|0|9|0|11|2|26|69|90|48|33|189|114|106|46|111|63|104||35
CHINÚ|23182|0|0|0|0|5|0|12|0|4|0|0|0|23|0|49|572|40|440|16|108|24|33|48|55|22|124||
CHIPAQUE|25178|0|0|0|0|0|0|0|0|0|0|0|0|0|0|12|34|23|19|7|9|17|29|14|9|9|0||
CHIPATÁ|68179|0|0|0|0|0|0|0|0|0|0|1|0|9|0|16|0|19|0|3|0|0|1|10|0|0|0||8
CHIQUINQUIRÁ|15176|0|0|0|0|0|0|0|0|0|0|1|1|0|62|0|64|3|194|10|21|23|94|39|127|39|188||40
CHÍQUIZA|15232||||||||||||0||0||0||0||0||0||0||||
CHIRIGUANÁ|20178|0|0|0|0|0|0|4|0|2|0|2|68|236|252|994|1807|1384|557|409|644|206|212|257|162|174|87||38
CHISCAS|15180|0|0|0|0|7|0|0|0|0|0|0|0|4|0|24|0|30|0|65|0|11|0|33|9|8|6||
CHITA|15183|0|0|0|0|4|0|1|0|0|0|1|0|1|9|23|0|51|0|63|11|64|29|65|44|65|60||
CHITAGÁ|54174|0|0|0|0|0|0|0|0|14|0|1|0|0|0|44|60|12|0|9|0|9|5|5|6|11|0||
CHITARAQUE|15185|0|0|0|0|0|0|0|0|0|0|0|0|0|0|5|1|12|0|5|16|1|6|13|6|7|0||5
CHIVATÁ|15187|0|0|0|0|0|0|0|0|0|0|0|0|0|8|0|0|0|0|0|0|0|0|0|0|0|0||
CHIVOR|15236|0|0|0|0|0|0|10|0|0|0|0|0|0|0|0|0|0|0|0|0|60|48|26|7|22|30||
CHOACHÍ|25181|0|0|0|0|0|0|0|0|0|0|0|30|0|5|0|0|6|0|0|0|1|13|2|41|11|5||
CHOCONTÁ|25183|0|0|0|0|0|0|0|0|0|0|0|0|0|0|0|29|13|24|23|58|7|75|14|70|12|25||6
CICUCO|13188|0|0|0|0|0|0|0|0|1|0|7|0|281|0|26|0|11|38|8|0|28|7|13|14|24|12||
CIÉNAGA|47189|0|0|9|0|4|0|165|4|296|56|76|868|1206|1451|2811|1372|6869|9311|2404|520|1992|778|1064|573|1420|153|6|103
CIÉNAGA DE ORO|23189|0|0|0|0|0|0|2|0|0|0|2|0|6|9|38|279|34|29|27|4|18|93|57|47|45|61||8
CIÉNEGA|15189||||||||||||0||0||0||82||0||192||0||||
CIMITARRA|68190|0|0|0|0|15|0|35|0|36|0|20|465|88|0|324|16|189|34|85|31|84|10|175|60|225|25||
CIRCASIA|63190|0|0|0|0|0|0|0|0|0|0|0|0|5|42|5|113|13|303|6|158|11|219|0|225|25|69||34
CISNEROS|05190|0|0|0|0|0|0|7|0|3|0|0|34|4|5|4|85|9|10|17|8|22|0|15|32|36|15||5
CIUDAD BOLÍVAR|05101|0|0|0|0|0|0|0|0|11|0|23|0|23|5|170|3|139|24|95|11|84|24|94|46|74|20|11|
CLEMENCIA|13222|0|0|0|0|0|0|0|0|2|0|0|0|20|0|20|0|32|203|115|59|57|92|68|26|39|0||
COCORNÁ|05197|0|0|0|0|0|0|0|0|19|0|8|0|8991|7228|603|28|2753|520|1814|756|1786|2062|548|119|436|105|2|20
COELLO|73200|0|0|0|0|0|0|0|0|0|0|0|0|14|3|22|7|32|11|7|46|47|7|37|100|29|0||
COGUA|25200|0|0|0|0|0|0|0|0|0|0|0|0|0|0|0|0|0|22|0|6|4|22|0|74|0|35||17
COLOMBIA|41206|0|0|0|0|0|0|5|0|44|0|18|0|114|0|166|190|763|284|1041|1254|320|19|278|6|283|9|7|
COLÓN|52203|0|0|0|0|0|0|0|0|0|0|0|0|0|0|0|0|47|0|4|0|7|25|6|0|12|15||4
COLÓN|86219|0|0|0|0|0|0|0|0|0|0|0|6|16|10|26|241|20|154|28|90|62|71|16|166|22|100||48
COLOSO|70204|0|0|0|0|0|0|10|0|57|0|40|353|2435|1598|4788|325|1979|26|511|27|907|109|624|68|385|48||25
CÓMBITA|15204|0|0|0|0|0|0|0|0|0|0|0|0|0|0|0|0|0|0|0|0|5|0|4|0|0|0||
CONCEPCIÓN|05206|0|0|0|0|0|0|0|0|5|0|290|57|71|78|271|340|130|136|111|131|31|17|19|10|2|9||4
CONCEPCIÓN|68207|0|0|0|0|0|0|0|0|6|0|6|80|0|156|34|0|44|0|10|243|8|19|13|68|18|0||
CONCORDIA|05209|0|0|0|0|0|0|3|0|9|0|12|199|51|0|108|80|150|6|87|25|156|19|58|0|92|20|8|4
CONCORDIA|47205|0|0|0|0|0|0|0|0|0|0|0|0|0|0|0|0|0|0|0|0|49|8|35|13|36|0||
CONDOTO|27205|0|0|0|0|7|0|0|0|53|0|68|1|66|0|84|30|309|646|45|438|185|555|239|326|117|25|8|
CONFINES|68209|0|0|0|0|0|0|0|0|0|0|0|0|0|0|0|0|16|22|17|0|0|0|0|5|5|0||8
CONSACA|52207|0|0|0|0|0|0|0|0|0|0|0|0|0|0|0|73|10|161|19|298|31|96|8|77|20|25||19
CONTADERO|52210|0|0|0|0|0|0|0|0|0|0|0|0|0|0|5|39|9|78|0|16|0|7|4|10|0|0||
CONTRATACIÓN|68211|0|0|0|0|13|0|2|0|9|0|0|0|8|1|8|42|13|87|19|8|12|24|21|16|18|28||
CONVENCIÓN|54206|0|0|0|0|0|0|0|0|87|0|2|0|43|0|94|0|7172|19661|251|1700|380|273|374|736|573|148||24
COPACABANA|05212|0|0|0|0|0|0|0|6|0|0|0|7|73|13|9|83|10|198|10|275|11|91|21|138|5|127||27
COPER|15212|0|0|0|0|0|0|0|0|0|0|0|0|1|0|0|0|6|0|0|0|13|12|14|0|4|0||
CÓRDOBA|13212|0|0|0|1|0|0|0|0|25|0|31|278|1689|303|2619|1282|2061|1039|377|23|411|38|461|0|365|28||7
CÓRDOBA|52215|0|0|0|0|0|0|0|0|0|0|0|10|6|0|50|683|11|772|19|501|22|189|45|117|41|49||32
CÓRDOBA|63212|0|0|0|0|0|0|0|0|0|0|0|6|0|38|20|128|77|172|12|34|67|69|56|166|45|36||10
CORINTO|19212|0|0|0|0|0|0|0|0|8|0|9|0|21|0|110|15|1833|1614|159|79|173|110|171|162|179|82|4|
COROMORO|68217|0|0|0|0|0|0|0|0|7|0|1|0|0|0|18|0|30|0|17|0|40|0|21|0|10|33||3
COROZAL|70215|0|0|0|0|9|0|8|0|15|5|6|195|45|141|95|1697|133|3194|84|1916|115|1457|82|2288|89|1066||373
CORRALES|15215|0|0|0|0|0|0|0|0|0|0|0|0|0|0|0|0|0|0|0|0|0|0|0|1|0|0||
COTA|25214|0|0|0|0|0|0|0|0|0|0|0|0|0|10|0|33|0|19|0|38|0|33|0|71|0|64||6
COTORRA|23300|0|0|0|0|0|0|0|0|0|0|0|1|12|0|13|69|16|165|17|1|0|20|18|94|0|7||6
COVARACHÍA|15218|0|0|0|0|0|0|0|0|1|0|5|0|0|0|15|0|41|0|5|0|7|0|0|0|10|0||
COVEÑAS|70221|0|0|0|0|0|0|0|0|0|0|0|0|0|0|0|0|0|0|0|6|9|18|6|62|7|16||
COYAIMA|73217|0|0|0|0|2|0|8|0|19|0|12|174|23|8|299|195|706|415|1022|120|571|54|620|6|717|69|1|3
CRAVO NORTE|81220|0|0|0|0|0|0|0|0|5|0|47|296|255|1|18|60|363|85|109|8|370|156|93|66|55|40||
CUASPUD|52224|0|0|0|0|0|0|0|0|0|0|0|0|0|0|0|0|47|0|0|0|7|41|4|0|5|0||
CUBARÁ|15223|0|0|0|0|0|0|0|0|13|0|0|265|7|0|0|0|1|7|15|6|14|61|9|135|12|44||38
CUBARRAL|50223|0|0|0|0|0|0|0|0|0|0|7|54|0|0|22|0|99|110|82|168|48|418|64|138|33|75||13
CUCAITA|15224|0|0|0|0|0|0|0|0|0|0|0|0|0|0|0|0|0|0|0|0|0|0|0|0|7|0||
CUCUNUBÁ|25224|0|0|0|0|0|0|0|0|0|0|0|0|0|0|0|0|0|0|0|5|0|0|0|12|0|0||
CÚCUTA|54001|0|0|4|4|10|30|73|11|71|488|615|15296|437|5019|631|8010|1327|23077|1082|12045|1011|8503|821|13133|658|5653|11|1432
CUCUTILLA|54223|0|0|0|0|0|0|4|0|0|0|0|0|0|8|7|0|42|0|19|12|18|8|55|270|31|128||21
CUÍTIVA|15226|0|0|0|0|0|0|0|0|0|0|0|0|0|0|0|0|0|0|0|76|4|79|0|0|4|0||
CUMARAL|50226|0|0|0|0|0|0|0|0|0|0|22|76|31|64|26|133|208|139|152|243|84|174|51|251|31|152||19
CUMARIBO|99773|0|0|0|0|0|0|0|0|19|0|18|0|130|7|250|17|308|171|188|84|474|795|688|425|444|244|2|
CUMBAL|52227|0|0|0|0|0|0|0|0|0|0|0|0|0|0|0|0|12|35|58|106|24|247|18|25|51|120||17
CUMBITARA|52233|0|0|0|0|0|0|0|0|0|0|0|50|5|0|5|12|50|28|46|122|188|227|109|84|725|5437||60
CUNDAY|73226|0|0|0|0|5|0|0|0|12|0|26|0|116|64|279|67|1241|526|157|46|211|76|279|114|347|83||4
CURILLO|18205|0|0|0|0|0|0|11|0|26|0|253|80|859|120|1388|6|2624|543|897|488|741|593|473|194|650|157|5|66
CURITÍ|68229|0|0|0|0|0|0|0|0|0|0|0|0|0|0|1|0|5|0|4|0|3|6|2|13|4|38||4
CURUMANÍ|20228|0|0|0|0|0|0|32|0|91|0|75|768|550|280|1270|504|1452|956|1357|1413|1079|981|1178|974|795|622||37
DABEIBA|05234|0|0|0|0|10|0|92|2|1018|50|538|795|1749|575|2364|1129|1410|326|664|478|1254|1579|695|126|902|305|35|56
DAGUA|76233|0|0|0|0|0|0|0|0|4|0|9|152|97|1006|1046|818|846|991|547|575|206|217|208|176|142|104||29
DIBULLA|44090|12|0|0|0|0|0|87|0|18|31|95|0|187|132|397|440|518|751|438|425|740|1138|1580|1474|2400|1620|10|380
DISTRACCIÓN|44098|0|0|0|0|0|0|0|0|0|0|0|0|28|210|61|72|8|0|10|0|123|114|20|32|28|720||
DOLORES|73236|0|0|0|0|6|0|0|0|14|0|17|98|98|0|344|66|839|120|396|0|318|34|214|6|643|377|3|
DON MATÍAS|05237|0|0|0|0|0|0|0|0|0|0|0|0|1|0|9|1|18|13|0|48|0|566|30|71|4|18||20
DOSQUEBRADAS|66170|0|0|0|0|0|0|0|0|0|0|0|96|10|615|4|603|26|1431|31|694|27|1081|46|1292|51|1041|4|342
DUITAMA|15238|0|0|0|0|0|0|0|0|0|0|1|135|0|17|4|480|8|504|7|474|14|831|23|329|7|161|4|11
DURANIA|54239|0|0|0|0|0|0|0|0|1|0|0|0|0|8|13|0|16|0|21|4|19|0|0|0|3|16||18
EBÉJICO|05240|0|0|0|0|0|0|0|0|1|0|0|0|24|6|9|0|11|23|6|0|21|5|7|0|6|0||
EL ÁGUILA|76243|0|0|0|0|0|0|0|0|0|0|0|0|3|0|21|1|29|0|49|7|87|44|67|36|80|12||17
EL BAGRE|05250|0|0|0|0|0|0|4|0|140|0|110|0|2258|2504|2699|479|3046|1596|381|56|758|300|1541|629|737|147|1|20
EL BANCO|47245|0|0|0|0|0|0|9|3|21|0|41|1716|139|4628|341|2219|511|281|230|135|284|146|286|182|337|300||75
EL CAIRO|76246|0|0|0|0|0|0|0|0|0|0|0|0|0|1|0|0|18|26|43|0|48|52|145|78|76|75||4
EL CALVARIO|50245|0|0|0|0|0|0|0|0|19|0|8|0|37|0|15|0|33|0|23|4|10|7|26|0|5|7||
EL CANTÓN DEL SAN PABLO|27135|0|0|0|0|0|0|0|0|2|0|9|162|15|0|25|161|64|0|0|0|11|0|0|0|17|0||
EL CARMEN|54245|0|0|0|0|0|0|0|0|52|0|17|839|71|80|181|237|750|13|206|33|250|104|579|606|349|144||
EL CARMEN DE ATRATO|27245|0|0|0|0|0|0|0|0|412|394|16|733|321|201|963|804|276|270|100|91|81|559|27|11|56|14||
EL CARMEN DE BOLÍVAR|13244|0|0|0|0|0|0|29|1|416|0|411|6403|22006|13684|15352|11404|6296|1901|3987|4640|3872|1441|3748|2049|3908|3141|25|45
EL CARMEN DE CHUCURÍ|68235|0|0|0|0|5|0|2|0|104|0|72|206|29|10|109|0|112|0|49|0|67|27|79|94|89|16||8
EL CARMEN DE VIBORAL|05148|0|0|0|0|0|0|0|0|9|0|4|0|555|1283|233|519|584|383|562|1209|252|506|197|577|100|153|4|35
EL CASTILLO|50251|0|0|0|0|9|0|45|0|156|0|94|105|359|300|266|93|721|51|1603|918|813|1021|359|509|218|257||9
EL CERRITO|76248|0|0|0|0|2|0|0|0|0|0|0|120|6|0|764|78|42|29|58|101|16|93|34|69|31|54||20
EL CHARCO|52250|0|0|0|0|0|0|0|0|0|0|7|67|26|1|139|0|2306|766|311|1|569|1254|2928|3965|308|35||10
EL COCUY|15244|0|0|0|0|0|0|0|0|0|0|0|20|0|0|0|0|33|0|18|0|17|0|7|0|6|0||
EL COLEGIO|25245|0|0|0|0|0|0|0|0|0|3|0|0|5|21|17|63|83|55|61|69|61|65|83|66|53|55||10
EL COPEY|20238|0|0|0|0|0|0|17|0|125|0|25|235|1152|220|1415|539|1504|1024|2135|2064|1498|1652|722|277|410|150|9|6
EL DONCELLO|18247|0|0|0|0|0|0|44|0|38|0|35|215|113|589|189|245|1197|396|446|35|300|283|873|629|581|167|2|36
EL DORADO|50270|0|0|0|0|0|0|8|0|10|0|70|250|97|14|74|0|114|9|92|234|280|484|34|284|19|27||3
EL DOVIO|76250|0|0|0|0|0|0|5|0|0|0|0|0|2|0|11|0|25|9|19|0|165|5|337|53|231|183|7|5
EL ENCANTO|91263|0|0|0|0|0|0|0|0|0|0|0|0|0|0|10|0|0|0|1|0|10|1|0|25|10|0||
EL ESPINO|15248|0|0|0|0|0|0|0|0|0|0|4|50|9|0|18|0|57|0|12|0|3|0|3|0|2|0||
EL GUACAMAYO|68245|0|0|0|0|0|0|0|0|6|0|0|0|0|0|0|0|0|0|0|0|2|0|7|13|3|10||
EL GUAMO|13248|0|0|0|0|0|0|6|0|25|0|6|0|75|0|46|0|153|0|45|0|117|0|70|6|91|36|4|8
EL LITORAL DEL SAN JUAN|27250|0|0|0|0|0|0|9|0|8|0|0|0|0|0|20|0|85|0|113|0|81|0|109|0|215|0||
EL MOLINO|44110|0|0|0|0|0|0|0|0|0|0|0|0|106|0|5|188|31|201|3|118|70|38|25|78|149|81||1
EL PASO|20250|0|0|0|0|0|0|9|0|10|1|2|1|191|0|283|319|178|11|81|0|80|102|145|98|106|62||
EL PAUJIL|18256|0|0|0|0|4|0|6|0|26|0|17|167|148|453|189|248|1362|556|345|87|228|789|390|569|364|221|18|163
EL PEÑOL|52254|0|0|0|0|0|0|0|0|0|0|0|0|0|0|0|32|27|0|13|0|35|0|0|9|17|20||4
EL PEÑÓN|13268|0|0|0|0|0|0|0|0|0|0|49|0|119|15|32|32|923|855|32|12|37|8|35|0|42|9||
EL PEÑÓN|25258|0|0|0|0|0|0|0|0|0|0|0|0|5|0|31|0|415|13|198|6|44|21|45|5|32|16||
EL PEÑÓN|68250|0|0|0|0|0|0|12|0|12|0|1|0|9|0|42|0|75|0|27|0|17|0|21|0|58|0||
EL PIÑON|47258|0|0|0|0|0|0|0|0|2|0|97|390|409|13|67|0|126|0|96|0|92|48|158|62|95|14||
EL PLAYÓN|68255|0|0|3|0|0|0|13|0|223|150|63|383|255|313|371|239|397|64|110|86|119|199|93|96|80|137||26
EL RETÉN|47268|0|0|0|0|0|0|0|0|6|0|0|50|128|373|185|37|175|9|134|3|108|37|144|241|163|118||43
EL RETORNO|95025|0|0|0|0|6|0|40|0|54|0|78|105|389|2|497|33|878|20|913|143|536|445|471|177|547|148||72
EL ROBLE|70233|0|0|0|0|0|0|0|0|0|0|0|0|0|0|3|0|107|0|119|0|114|18|147|0|71|2||
EL ROSAL|25260|0|0|0|0|0|0|0|0|0|0|0|0|0|0|0|16|0|28|0|49|0|28|5|13|2|102||
EL ROSARIO|52256|0|0|0|0|0|0|0|0|1|0|12|47|142|0|85|29|230|21|102|159|96|0|169|37|612|32|3|12
EL SANTUARIO|05697|0|0|0|0|0|0|0|0|1|0|0|68|85|3382|287|487|107|150|130|540|52|123|62|137|79|53||17
EL TABLÓN DE GÓMEZ|52258|0|0|0|0|0|0|0|0|4|0|0|0|0|79|24|18|133|7|675|752|73|35|90|24|69|15||20
EL TAMBO|19256|0|0|0|0|0|0|0|0|0|0|8|150|226|67|2349|1999|2660|335|698|102|646|384|1020|182|968|266||46
EL TAMBO|52260|0|0|0|0|0|0|0|0|0|0|0|0|0|0|6|6|25|6|4|16|34|88|5|35|26|34||9
EL TARRA|54250|0|0|4|0|7|7|31|4|80|72|30|1584|1334|766|577|1079|3637|3629|1462|2014|1117|1784|661|1104|423|270||20
EL ZULIA|54261|0|0|0|0|10|0|30|0|10|0|8|1083|122|389|110|260|103|193|57|94|97|165|84|479|119|349||110
ELÍAS|41244|0|0|0|0|0|0|0|0|0|0|0|0|0|0|6|0|1|27|0|0|0|0|11|22|6|26||
ENCINO|68264|0|0|0|0|0|0|4|0|1|2|0|160|0|0|1|1|0|0|0|0|12|0|5|0|8|0||
ENCISO|68266|0|0|0|0|0|0|0|0|0|0|2|0|0|0|42|0|25|0|0|0|10|0|2|0|9|0||
ENTRERRIOS|05264|0|0|0|0|0|0|0|0|0|0|0|0|1|0|0|0|3|0|8|0|0|0|0|0|6|0||
ENVIGADO|05266|0|0|0|0|0|0|0|0|0|12|0|0|13|63|0|415|5|177|0|93|0|222|1|176|8|130||33
ESPINAL|73268|0|0|0|0|0|0|0|0|0|0|0|0|0|0|11|181|49|22|14|173|67|86|58|178|62|90||13
FACATATIVÁ|25269|0|0|0|0|0|12|0|7|0|1|0|115|15|21|1|438|8|926|9|1051|29|956|23|772|15|426||60
FALAN|73270|0|0|0|0|0|0|3|0|6|0|9|0|0|0|174|30|270|9|74|0|60|12|114|34|98|0|1|
FILADELFIA|17272|0|0|0|0|0|0|0|0|0|0|0|0|1|49|3|0|74|4|30|2|29|8|25|4|45|6|5|
FILANDIA|63272|0|0|0|0|0|0|0|0|0|5|0|0|1|0|7|7|25|54|8|72|7|135|14|161|0|35||9
FIRAVITOBA|15272|0|0|0|0|0|0|0|0|0|0|0|0|0|0|0|0|0|0|0|0|0|25|0|0|0|0||
FLANDES|73275|0|0|0|0|0|0|0|0|0|0|0|0|0|0|3|14|13|21|9|41|23|27|11|32|13|24||11
FLORENCIA|18001|0|0|6|0|17|0|123|5|89|27|237|3375|767|5547|984|7136|2656|17271|1465|20908|1749|16550|1575|11218|2225|7411|6|2720
FLORENCIA|19290|0|0|0|0|0|0|0|0|0|0|0|40|10|0|32|0|48|11|22|17|26|88|18|82|16|35||11
FLORESTA|15276|0|0|0|0|0|0|0|0|0|0|0|0|0|0|0|0|0|3|0|19|0|6|0|6|0|0||
FLORIÁN|68271|0|0|0|0|0|0|8|0|4|0|1|0|36|0|19|0|53|0|26|0|58|5|34|31|102|2|1|
FLORIDA|76275|0|0|0|0|0|0|0|0|0|0|0|125|19|422|613|628|715|1196|116|66|100|58|175|159|245|107|8|28
FLORIDABLANCA|68276|0|0|0|6|0|0|0|9|0|128|2|1804|11|1249|19|1898|13|2608|9|1717|33|1047|39|1348|30|1137||406
FOMEQUE|25279|0|0|0|0|0|0|0|0|0|0|0|56|0|75|3|47|34|25|15|11|2|18|22|9|9|3||
FONSECA|44279|0|1|0|0|19|42|41|96|2|20|11|191|159|371|387|724|212|907|192|399|145|292|182|232|127|87||61
FORTUL|81300|0|0|0|0|0|0|2|0|16|0|0|18|8|81|49|201|129|15|151|282|130|532|92|240|165|139|17|23
FOSCA|25281|0|0|0|0|0|0|8|0|0|0|7|0|5|0|10|0|32|0|9|0|0|0|0|0|0|0||
FRANCISCO PIZARRO|52520|0|0|0|0|0|0|0|0|0|0|0|0|0|0|0|0|16|0|7|0|6|96|25|14|415|24||
FREDONIA|05282|0|0|0|0|0|0|0|0|0|0|4|0|14|0|16|0|20|0|10|0|24|1|28|1|16|7||
FRESNO|73283|0|0|0|0|0|0|0|0|0|0|0|46|6|0|174|11|318|15|222|77|231|127|191|135|268|75||11
FRONTINO|05284|0|0|0|0|15|6|0|0|108|0|88|165|8546|1607|374|187|195|51|109|149|49|87|107|15|203|49||2
FUENTE DE ORO|50287|0|0|0|0|0|0|13|0|53|0|9|0|39|370|47|586|82|0|63|64|52|24|79|156|63|68||
FUNDACIÓN|47288|1|0|0|0|0|0|55|12|68|108|105|2053|2146|4842|14122|15254|2243|1282|1319|872|1832|928|1102|570|814|350|1|106
FUNES|52287|0|0|0|0|0|0|0|0|0|0|0|0|0|0|4|0|31|0|27|0|22|8|19|0|0|1||3
FUNZA|25286|0|0|0|0|0|0|0|5|0|0|0|60|0|10|0|154|8|295|0|172|0|186|0|281|7|271||54
FÚQUENE|25288|0|0|0|0|0|0|0|0|0|0|0|0|0|0|0|33|0|0|3|0|0|0|4|0|0|0||
FUSAGASUGÁ|25290|0|0|0|4|0|1|0|0|5|0|1|186|30|17|54|584|102|624|146|874|143|917|154|1031|113|753||73
GACHALA|25293|0|0|0|0|0|0|8|0|16|0|0|43|11|60|4|0|17|0|58|20|66|40|42|31|22|19||2
GACHANCIPÁ|25295|0|0|0|0|0|0|0|0|0|0|0|0|0|0|0|0|0|29|0|47|0|63|0|17|1|15||6
GACHANTIVÁ|15293|0|0|0|0|0|0|0|0|0|0|0|0|0|0|0|0|3|46|0|10|1|0|0|0|0|0||
GACHETÁ|25297|0|0|0|0|0|0|0|0|4|0|0|0|0|0|6|0|34|0|19|10|36|8|24|5|30|0||
GALÁN|68296|0|0|0|0|0|0|0|0|14|0|1|0|0|3|4|0|9|0|12|0|9|5|9|0|6|0||
GALAPA|08296|0|0|0|0|0|0|0|0|0|0|0|225|0|15|6|201|8|308|10|157|17|399|22|395|33|311||62
GALERAS|70235|0|0|0|0|0|0|0|0|0|0|0|0|23|58|138|76|274|755|100|190|161|101|191|130|150|137||23
GAMA|25299|0|0|0|0|0|0|0|0|0|0|0|0|0|0|1|0|29|0|18|0|24|13|12|0|0|4||
GAMARRA|20295|0|0|0|0|0|0|4|0|23|0|0|92|30|206|100|116|99|26|47|39|48|51|83|103|94|102||31
GAMBITA|68298|0|0|0|0|0|0|0|0|0|0|0|0|195|0|0|0|25|0|2|1|14|1|23|0|6|0||
GAMEZA|15296|0|0|0|0|0|0|0|0|0|0|0|0|0|4|0|0|3|0|0|1|6|0|10|0|0|15||3
GARAGOA|15299|0|0|0|0|0|0|0|0|0|0|0|45|1|5|0|117|12|16|4|42|33|44|27|60|5|103||6
GARZÓN|41298|0|0|0|0|0|0|0|0|3|0|0|185|30|722|28|941|151|1020|146|660|232|492|245|718|271|1345|1|551
GÉNOVA|63302|0|0|0|0|0|0|0|0|0|0|1|13|16|36|49|138|201|121|123|62|301|164|246|225|136|42|6|30
GIGANTE|41306|0|0|0|0|0|0|0|0|12|0|14|55|32|205|77|19|247|76|170|96|344|397|228|181|311|292||51
GINEBRA|76306|0|0|0|0|0|0|0|0|0|0|0|0|10|0|33|0|68|25|56|4|32|48|14|93|14|22|4|1
GIRALDO|05306|0|0|0|0|0|0|0|0|0|0|1|0|3|0|12|83|14|0|0|0|8|0|20|0|31|7||
GIRARDOT|25307|0|0|0|0|0|0|0|0|0|0|0|381|12|105|7|425|15|985|27|441|32|168|27|235|47|175||44
GIRARDOTA|05308|0|0|0|0|0|0|0|0|0|6|0|0|4|28|164|220|17|216|15|32|1|11|7|88|28|48||11
GIRÓN|68307|0|0|0|0|0|0|8|4|84|383|8|1243|0|504|193|1502|148|2687|19|1205|112|776|91|1115|116|1233||387
GÓMEZ PLATA|05310|0|0|0|0|0|0|0|0|0|0|0|0|26|60|30|0|27|0|25|0|4|0|8|0|14|0||
GONZÁLEZ|20310|0|0|0|0|0|0|0|0|0|0|0|0|6|0|21|67|16|22|6|6|14|21|16|22|26|14||
GRAMALOTE|54313|0|0|0|0|0|0|0|0|0|0|7|0|0|0|61|0|45|8|2|1|26|0|22|0|22|25||3
GRANADA|05313|0|0|0|0|0|0|0|0|8|0|23|465|897|98|2864|471|5249|4848|1871|862|1379|784|644|217|473|181|4|53
GRANADA|25312|0|0|0|0|0|0|0|0|0|0|0|0|0|0|0|0|6|40|3|22|5|52|6|132|10|43||9
GRANADA|50313|0|0|0|0|12|0|17|0|97|0|21|625|148|505|265|1103|381|309|130|509|130|590|281|1380|179|2781||70
GUACA|68318|0|0|0|0|0|0|0|0|51|0|50|0|34|0|32|0|33|0|13|0|21|0|8|0|14|0||
GUACAMAYAS|15317|0|0|0|0|0|0|0|0|0|0|0|0|0|0|1|0|5|0|8|0|5|0|8|0|2|0||
GUACARÍ|76318|0|0|0|0|0|0|0|0|0|0|0|0|0|0|0|0|36|53|40|80|32|56|22|76|26|117||28
GUACHETÁ|25317|0|0|0|0|0|0|0|0|0|0|0|0|0|0|0|0|0|0|10|0|0|0|2|10|7|0||13
GUACHUCAL|52317|0|0|0|0|0|0|0|0|0|0|1|0|0|0|0|8|6|0|0|0|14|5|0|35|11|0||
GUADALAJARA DE BUGA|76111|0|0|0|0|0|0|0|0|7|0|122|2137|1109|3321|1046|1025|326|817|94|277|113|206|140|285|105|123||87
GUADALUPE|05315|0|0|0|0|0|0|0|0|0|0|23|0|9|0|44|0|45|0|44|28|33|7|22|3|20|4||
GUADALUPE|41319|0|0|0|0|0|0|0|0|0|0|6|0|17|19|32|174|41|311|40|182|22|182|27|122|40|326||94
GUADALUPE|68320|0|0|0|0|0|0|0|0|0|0|0|0|5|0|0|0|4|5|6|5|1|0|3|0|17|4||
GUADUAS|25320|0|0|0|0|0|0|9|0|0|0|0|20|4|166|51|308|232|286|204|51|107|125|138|59|87|117|2|6
GUAITARILLA|52320|0|0|0|0|0|0|0|0|0|0|0|0|0|0|5|19|9|0|0|17|18|0|16|0|13|17||
GUALMATÁN|52323|0|0|0|0|0|0|0|0|0|0|0|0|0|0|0|0|0|7|0|0|0|0|3|0|0|0||
GUAMAL|47318|0|0|0|0|0|0|6|0|8|0|2|95|25|7|113|706|137|0|144|0|131|8|146|25|155|26||5
GUAMAL|50318|0|0|0|0|0|0|0|0|7|0|0|40|0|0|47|363|71|13|2|66|21|103|58|103|61|53||4
GUAMO|73319|0|0|0|0|0|0|0|0|3|0|1|0|6|15|33|13|61|28|104|18|120|24|144|23|176|23||
GUAPI|19318|0|0|0|0|0|0|3|0|1|0|0|0|0|0|1|1070|175|1686|106|507|56|140|76|8|130|132||13
GUAPOTÁ|68322|0|0|0|0|0|0|0|0|0|0|0|0|0|0|0|0|0|0|0|0|0|0|12|0|9|0||
GUARANDA|70265|0|0|0|0|0|0|0|0|33|0|5|636|257|0|391|470|602|2330|124|1738|175|466|151|455|130|119||22
GUARNE|05318|0|0|0|0|0|0|0|0|0|6|0|1|13|60|25|194|41|190|9|63|36|117|23|85|45|98||26
GUASCA|25322|0|0|0|0|0|0|0|0|0|0|0|0|8|0|0|0|6|0|9|21|6|65|2|77|2|45||4
GUATAPE|05321|0|0|0|0|0|0|0|0|4|0|1|86|25|2|82|235|77|11|13|38|16|11|18|10|11|18||
GUATAQUÍ|25324|0|0|0|0|0|0|0|0|0|0|0|0|0|0|0|0|19|0|0|0|6|0|8|12|7|10||
GUATAVITA|25326|0|0|0|0|0|0|0|0|0|0|0|0|0|0|0|0|0|0|0|0|12|0|0|0|0|0||
GUATEQUE|15322|0|0|0|0|0|0|0|0|3|0|0|0|0|0|0|21|8|25|13|23|17|29|8|13|9|42||4
GUÁTICA|66318|0|0|0|0|0|0|0|0|7|0|8|0|21|37|95|22|48|34|112|34|116|104|57|130|126|154|5|72
GUAVATÁ|68324|0|0|0|0|0|0|0|0|1|0|0|0|14|11|5|0|15|0|10|0|0|0|20|0|9|0||
GUAYABAL DE SIQUIMA|25328|0|0|0|0|0|0|0|0|1|0|0|0|0|0|40|0|89|0|106|6|69|14|18|12|12|57|2|2
GUAYABETAL|25335|0|0|0|0|0|0|0|0|9|0|4|0|49|90|21|40|51|32|24|14|25|8|15|3|11|0||
GUAYATÁ|15325|0|0|0|0|0|0|0|0|0|0|1|0|10|0|0|0|21|32|11|6|3|3|0|7|6|3||
GUTIÉRREZ|25339|0|0|0|0|0|0|4|0|4|0|10|0|21|0|98|94|107|75|0|10|5|0|15|17|10|14||1
GÜEPSA|68327|0|0|0|0|0|0|0|0|0|0|3|0|0|0|7|26|3|0|9|3|14|13|6|0|0|0||
GÜICÁN|15332|0|0|0|0|0|0|0|0|0|0|14|90|13|0|13|0|29|0|12|0|2|0|3|0|9|29||
HACARÍ|54344|0|0|0|0|7|0|0|0|18|0|3|186|35|0|72|0|432|641|314|180|205|634|166|51|300|80||
HATILLO DE LOBA|13300|0|0|0|0|0|0|0|0|4|0|0|32|4|0|13|0|33|0|5|5|57|0|28|0|46|0||
HATO|68344|0|0|0|0|0|0|0|0|0|0|3|0|0|0|18|80|240|469|2|0|1|12|1|27|8|19||
HATO COROZAL|85125|0|0|0|0|0|0|0|0|3|0|8|170|135|100|85|157|193|260|148|99|177|73|228|369|50|213||31
HATONUEVO|44378|0|0|0|0|0|0|0|0|0|0|0|0|11|0|29|34|24|0|40|50|34|36|56|45|41|169|4|8
HELICONIA|05347|0|0|0|0|0|0|0|0|1|0|9|0|295|140|88|66|26|0|7|0|3|11|18|7|16|10||
HERRÁN|54347|0|0|0|0|0|0|0|0|0|0|0|0|1|0|0|170|3|0|7|139|7|7|8|0|0|7||
HERVEO|73347|0|0|0|0|0|0|0|0|0|0|9|0|17|0|53|5|83|0|89|0|92|6|112|1|94|7||13
HISPANIA|05353|0|0|0|0|0|0|0|0|1|0|2|0|0|0|14|0|1|0|26|0|0|0|0|0|4|0||
HOBO|41349|0|0|0|0|0|0|0|0|0|0|0|0|0|204|22|143|44|52|33|36|23|88|66|39|45|43||26
HONDA|73349|0|0|0|0|0|0|6|0|0|0|0|0|4|0|27|5|19|7|35|10|52|17|27|38|28|45||5
IBAGUÉ|73001|0|0|6|0|9|21|22|16|38|193|61|2925|114|7451|303|6823|763|17244|550|6067|870|8766|681|9768|838|3164|8|1388
ICONONZO|73352|0|0|0|0|4|17|6|0|20|3|32|133|29|11|154|154|170|3|151|8|583|66|305|122|310|20||15
ILES|52352|0|0|0|0|0|0|0|0|0|0|0|0|0|0|6|0|5|0|4|139|0|0|0|21|0|20||6
IMUÉS|52354|0|0|0|0|0|0|0|0|0|0|0|0|0|8|0|31|0|8|0|12|0|0|12|0|0|1||
INÍRIDA|94001|0|0|0|0|0|0|0|0|1|0|20|2|9|1|21|61|50|140|36|439|35|615|216|1778|132|655||
INZÁ|19355|0|0|0|0|0|0|6|0|0|0|4|0|11|0|41|0|91|5|51|12|50|25|41|6|87|12||
IPIALES|52356|0|0|0|0|0|0|13|0|0|15|0|465|7|796|55|921|103|522|55|300|69|704|56|744|124|359||162
IQUIRA|41357|0|0|0|0|0|0|0|0|0|0|11|50|20|0|61|0|43|39|59|63|85|24|91|32|225|71||3
ISNOS|41359|0|0|0|0|0|0|0|0|0|0|0|0|0|0|139|385|128|50|210|25|146|48|198|57|201|179|1|35
ISTMINA|27361|0|0|0|0|0|6|15|7|565|527|38|183|82|45|188|295|381|320|141|32|666|1564|295|164|260|1044||
ITAGUI|05360|0|0|0|0|0|13|0|0|1|58|0|28|9|219|5|690|25|1132|10|669|18|454|16|560|23|473||111
ITUANGO|05361|0|0|10|0|11|0|52|0|284|9|32|261|662|4358|1956|1952|1242|2236|414|13|1831|2774|919|508|608|28|15|36
IZA|15362|0|0|0|0|0|0|0|0|0|0|0|0|0|0|0|0|5|0|9|12|0|0|0|0|0|0||
JAMBALÓ|19364|0|0|0|0|0|0|0|0|0|0|0|191|5|0|11|0|26|0|10|0|19|19|103|1209|2|0||
JAMUNDÍ|76364|0|0|0|0|0|0|21|0|1|0|35|2570|1063|5885|725|2040|1134|2814|188|399|230|283|142|430|220|247|2|179
JARDÍN|05364|0|0|0|0|0|0|0|0|0|0|1|41|9|0|71|40|55|0|6|0|16|6|24|12|15|13||10
JENESANO|15367|0|0|0|0|0|0|0|0|0|0|0|0|0|1|0|2|0|0|0|0|2|0|6|29|0|0||
JERICÓ|05368|0|0|0|0|0|0|0|0|0|0|0|0|0|1|11|13|19|3|10|0|19|0|5|19|13|0||
JERICÓ|15368|0|0|0|0|0|0|0|0|0|0|0|0|7|0|6|0|13|0|4|0|10|0|31|0|6|0||
JERUSALÉN|25368|0|0|0|0|0|0|3|0|5|0|0|0|5|0|16|0|18|0|29|0|50|0|15|0|30|10||
JESÚS MARÍA|68368|0|0|0|0|0|0|5|0|5|0|0|0|4|0|7|0|7|0|0|0|9|0|0|5|21|7||8
JORDÁN|68370|0|0|0|0|0|0|0|0|0|0|0|0|0|0|0|0|5|0|0|0|0|0|0|0|0|0||
JUAN DE ACOSTA|08372|0|0|0|0|0|0|0|0|0|0|0|69|0|30|0|34|11|27|0|17|17|0|8|8|4|3||
JUNÍN|25372|0|0|0|0|1|0|8|0|0|0|1|0|0|0|39|0|32|11|38|0|60|0|8|18|1|1||
JURADÓ|27372|0|0|0|0|19|0|5|0|21|0|21|207|457|60|987|0|199|24|7|0|16|0|19|13|12|10||
LA APARTADA|23350|0|0|0|0|0|0|0|0|0|0|0|1019|0|33|4|314|8|1080|2|50|15|76|0|399|2|401||31
LA ARGENTINA|41378|0|0|0|0|0|0|3|0|6|0|0|0|63|0|22|114|73|92|29|52|28|79|50|138|42|165||23
LA BELLEZA|68377|0|0|0|0|0|0|0|0|4|0|16|0|12|0|386|435|59|0|32|0|39|0|47|16|52|19|4|7
LA CALERA|25377|0|0|0|0|0|0|0|0|0|0|0|49|14|6|0|2|12|21|6|37|0|8|0|48|0|19||4
LA CAPILLA|15380|0|0|0|0|0|0|0|0|0|0|0|0|0|0|0|5|0|0|5|0|4|0|0|0|0|0||
LA CEJA|05376|0|0|0|0|0|0|0|0|0|1|8|0|12|21|41|375|20|180|47|513|45|385|34|591|45|252||100
LA CELIA|66383|0|0|0|0|0|0|0|0|1|0|0|0|22|23|37|34|103|53|20|32|49|43|19|119|27|56||19
LA CHORRERA|91405|0|0|0|0|0|0|0|0|0|0|0|0|0|0|0|0|3|0|6|0|17|0|2|0|0|0||
LA CRUZ|52378|0|0|0|0|0|0|0|0|1|0|0|0|126|0|37|178|214|39|78|38|35|10|41|27|52|30|5|9
LA CUMBRE|76377|0|0|0|0|0|0|0|0|0|0|0|0|9|600|27|46|122|10|59|22|58|30|87|45|33|19||
LA DORADA|17380|0|0|0|0|0|0|0|0|3|0|12|250|23|913|59|249|130|2824|132|244|150|174|164|93|132|60||12
LA ESPERANZA|54385|0|0|0|0|0|0|9|0|62|55|83|264|67|1|69|0|85|5|41|12|69|7|77|76|136|122|6|21
LA ESTRELLA|05380|0|0|0|0|0|0|0|0|0|0|0|5|6|31|0|114|8|115|6|138|0|68|0|109|10|65||11
LA FLORIDA|52381|0|0|0|0|0|0|0|0|0|0|0|0|0|0|36|0|115|58|50|51|7|112|32|82|84|22||11
LA GLORIA|20383|0|0|0|0|0|0|145|0|101|0|7|54|302|0|95|207|335|424|106|64|206|109|107|108|117|49|4|1
LA GUADALUPE|94885||||||||||||0||0||0||0||1||0||0||||
LA JAGUA DE IBIRICO|20400|0|0|0|0|10|0|33|0|98|1|128|522|288|109|344|179|1567|223|1129|268|1090|859|1227|522|523|230||17
LA JAGUA DEL PILAR|44420|0|0|0|0|0|0|0|0|0|0|0|0|17|0|20|0|10|0|61|6|23|26|45|59|13|0||
LA LLANADA|52385|0|0|0|0|0|0|0|0|0|0|0|0|5|0|6|163|9|9|9|39|31|100|27|151|51|65|1|15
LA MACARENA|50350|0|0|0|0|5|5|7|0|149|0|201|0|330|0|233|5|779|29|334|107|406|369|741|441|808|326|11|16
LA MERCED|17388|0|0|0|0|0|0|0|0|0|0|0|0|5|0|25|9|64|18|24|9|36|8|27|0|14|4||
LA MESA|25386|0|0|0|0|0|0|0|0|7|0|1|105|0|0|33|23|44|98|12|80|101|50|98|127|57|142||28
LA MONTAÑITA|18410|0|0|0|0|0|0|21|0|20|0|192|47|315|176|547|152|1903|889|528|299|2158|1825|865|214|981|174|19|246
LA PALMA|25394|0|0|0|0|8|0|17|0|8|0|72|250|82|1680|1055|1316|3470|4986|717|302|121|123|113|5|73|14||2
LA PAZ|20621|0|0|0|0|0|0|4|0|6|0|19|114|135|274|227|463|359|1455|441|116|462|202|646|97|714|260|16|123
LA PAZ|68397|0|0|0|0|0|0|0|3|14|0|0|0|13|0|4|0|48|0|19|0|22|0|13|0|16|0||
LA PEDRERA|91407|0|0|0|0|0|0|0|0|0|0|0|0|0|0|7|0|0|0|34|17|0|16|3|5|5|0|2|
LA PEÑA|25398|0|0|0|0|0|0|0|0|0|0|1|0|2|70|12|0|142|0|134|10|50|9|24|5|9|0||
LA PINTADA|05390|0|0|0|0|0|0|0|0|0|0|0|0|0|0|8|63|83|3|12|8|6|0|19|0|0|0||
LA PLATA|41396|0|0|0|0|0|0|0|0|0|0|16|272|15|258|114|728|236|759|182|332|233|257|218|296|262|260||91
LA PLAYA|54398|0|0|0|0|0|0|0|0|53|16|0|6|15|11|30|0|42|5|64|14|161|21|126|0|71|4||
LA PRIMAVERA|99524|0|0|0|0|3|0|14|0|22|0|13|0|113|28|84|40|94|11|57|5|15|36|51|90|72|98||7
LA SALINA|85136|0|0|0|0|0|0|0|0|0|0|0|0|0|0|0|0|0|77|0|0|21|0|11|0|8|0||
LA SIERRA|19392|0|0|0|0|0|0|0|0|0|0|0|220|9|0|146|0|335|3|98|211|62|0|107|0|56|3||3
LA TEBAIDA|63401|0|0|0|0|0|0|0|0|0|0|0|1|3|49|0|228|13|607|4|378|0|320|0|557|3|209||125
LA TOLA|52390|0|0|0|0|0|0|0|0|1|0|0|56|0|0|5|0|155|0|21|0|18|0|60|0|38|0||
LA UNIÓN|05400|0|0|0|0|0|0|0|0|27|0|5|0|290|770|250|179|329|343|91|314|42|135|54|119|48|73||30
LA UNIÓN|52399|0|0|0|0|0|0|0|0|0|0|0|0|25|0|14|28|92|100|27|143|41|96|35|91|38|88||46
LA UNIÓN|70400|0|0|0|0|0|0|3|0|0|0|0|30|5|29|14|40|18|8|1|0|10|0|13|68|12|15||
LA UNIÓN|76400|0|0|0|0|0|0|0|0|0|0|0|0|17|16|0|7|5|72|14|59|43|182|38|31|65|11|1|10
LA UVITA|15403|0|0|0|0|0|0|0|0|0|0|0|15|0|570|0|330|16|5|4|0|2|3|0|0|0|0||
LA VEGA|19397|0|0|0|0|0|0|6|0|1|0|0|0|198|30|339|0|594|17|219|14|239|31|368|33|397|41||3
LA VEGA|25402|0|0|0|0|0|0|0|0|0|0|0|0|5|0|0|59|13|98|7|40|24|57|0|93|9|62||4
LA VICTORIA|15401|0|0|0|0|0|0|0|0|0|0|0|0|0|0|0|0|0|0|2|0|2|3|0|0|1|0||
LA VICTORIA|76403|0|0|0|0|0|0|0|0|0|0|0|0|4|21|9|6|80|26|0|45|6|25|36|24|5|55||8
LA VICTORIA|91430|0|0|0|0|0|0|0|0|0|0|0|0|0|0|0|0|0|0|7|0|0|0|6|0|6|0||
LA VIRGINIA|66400|0|0|0|0|0|0|0|0|0|0|0|82|0|1769|4|338|8|232|32|114|21|363|11|277|48|123|8|26
LABATECA|54377|0|0|0|0|0|0|0|0|0|0|0|45|2|0|9|145|10|0|0|0|20|7|28|0|9|6||
LABRANZAGRANDE|15377|0|0|0|0|0|0|0|0|0|0|0|46|9|0|55|5|64|0|144|0|46|28|105|40|81|7||17
LANDÁZURI|68385|0|0|0|0|0|0|7|0|22|0|30|0|109|0|160|48|467|1285|170|207|122|156|169|199|289|152|17|1
LEBRÍJA|68406|0|3|0|24|12|31|53|468|112|39|117|599|255|118|228|383|277|439|223|197|243|494|99|476|188|402||52
LEGUÍZAMO|86573|0|0|0|0|0|0|0|0|17|0|15|79|177|153|2125|2151|720|763|548|781|522|522|677|587|807|607|5|121
LEIVA|52405|0|0|0|0|0|0|0|0|0|0|0|200|46|0|70|0|120|39|381|931|85|92|225|76|381|80||42
LEJANÍAS|50400|0|0|0|0|35|0|20|0|84|0|249|0|505|0|249|0|415|8|781|140|582|607|384|269|246|312||30
LENGUAZAQUE|25407|0|0|0|0|0|0|0|0|0|0|0|0|0|0|3|0|1|0|0|0|0|0|0|0|0|0||
LÉRIDA|73408|0|0|0|0|0|0|4|0|38|0|0|0|4|4|173|110|257|25|66|49|70|60|124|29|189|152||16
LETICIA|91001|0|0|0|0|0|0|0|0|0|0|0|0|9|0|4|53|4|87|18|166|23|246|25|176|18|253||41
LÍBANO|73411|0|0|0|0|4|0|5|0|19|8|29|166|128|15|482|645|1791|1160|611|1618|514|461|447|508|393|345|1|61
LIBORINA|05411|0|0|0|0|0|0|9|0|7|0|4|25|34|0|18|0|26|7|0|13|15|0|23|0|29|8||6
LINARES|52411|0|0|0|0|0|0|0|0|0|0|0|0|0|0|10|319|16|175|4|197|11|228|19|251|19|64||73
LLORÓ|27413|0|0|0|0|0|0|0|0|5|69|12|0|26|0|954|585|1189|1954|373|1095|21|2|68|0|74|50||
LÓPEZ|19418|0|0|0|0|0|0|0|0|0|0|12|0|151|0|2939|1106|1714|18|556|1079|91|21|160|0|254|0||
LORICA|23417|0|0|0|0|0|0|1|0|1|69|0|592|46|60|73|477|131|274|40|16|93|168|103|158|63|117||19
LOS ANDES|52418|0|0|0|0|0|0|0|0|0|0|0|0|0|0|12|244|77|761|37|488|34|690|88|641|165|1520||109
LOS CÓRDOBAS|23419|0|0|0|0|0|0|4|0|0|0|1|200|37|83|43|465|71|865|35|61|29|63|10|24|45|28||36
LOS PALMITOS|70418|0|0|0|0|3|0|5|0|54|6|21|134|433|393|1046|453|900|1221|117|181|216|88|372|322|230|295|6|88
LOS PATIOS|54405|0|0|0|0|0|0|0|0|0|9|1|0|0|10|11|143|14|299|30|267|37|84|42|166|46|203||47
LOS SANTOS|68418|0|0|0|0|0|0|1|0|14|0|1|0|0|0|5|0|0|0|0|0|7|10|0|49|0|18||5
LOURDES|54418|0|0|0|0|0|0|0|0|0|0|0|0|12|0|10|0|24|0|187|365|5|0|0|4|40|29||25
LURUACO|08421|0|0|0|0|0|0|0|0|1|0|0|0|0|0|0|54|32|69|4|23|22|101|30|53|15|2||3
MACANAL|15425|0|0|0|0|0|0|0|0|0|0|0|0|0|11|7|26|7|31|14|9|14|6|9|27|14|4||
MACARAVITA|68425|0|0|0|0|0|0|0|0|3|0|0|0|5|0|161|0|27|0|13|0|5|7|9|15|11|6||
MACEO|05425|0|0|0|0|6|0|9|0|17|0|2|0|39|0|22|0|44|14|56|66|11|7|25|0|75|4||4
MACHETA|25426|0|0|0|0|0|0|0|0|0|0|0|0|0|0|7|0|2|0|21|0|29|12|16|7|18|23||
MADRID|25430|0|0|0|0|0|0|0|0|0|17|0|125|0|5|2|239|0|282|0|262|1|275|0|229|6|115||17
MAGANGUÉ|13430|0|0|0|0|0|0|17|0|59|62|65|2880|271|1338|446|8270|670|3871|300|2111|324|976|462|1364|431|1519||30
MAGÜI|52427|0|0|0|0|0|0|0|0|0|0|0|0|0|0|7|0|69|0|223|530|258|183|53|0|279|413|4|
MAHATES|13433|0|0|0|0|0|0|0|0|5|0|0|448|59|0|614|861|83|43|79|73|41|27|49|8|39|8||7
MAICAO|44430|0|0|0|0|0|0|0|0|0|0|0|75|26|0|89|751|526|933|295|920|352|1373|395|458|508|398||47
MAJAGUAL|70429|0|0|0|0|0|0|0|0|73|0|10|782|196|0|442|343|420|596|97|192|151|60|109|0|91|8||7
MÁLAGA|68432|0|0|0|0|0|0|0|0|2|8|19|0|8|1|190|53|153|262|36|26|29|59|42|64|49|89||5
MALAMBO|08433|0|0|0|0|0|4|0|0|0|1|0|1104|11|785|7|1556|19|1811|40|763|27|1636|15|1119|40|578|3|86
MALLAMA|52435|0|0|0|0|0|0|0|0|0|0|0|116|0|0|0|28|33|12|40|19|19|48|29|63|26|15||18
MANATÍ|08436|0|0|0|0|0|0|0|0|0|0|0|0|10|25|0|59|5|68|3|17|23|69|9|29|13|0||
MANAURE|20443|0|0|0|0|0|0|0|0|13|0|0|0|37|245|48|339|138|1212|88|620|274|773|161|352|327|211||45
MANAURE|44560|0|0|0|0|0|0|0|0|4|0|1|0|0|0|14|0|18|0|8|16|26|17|30|4|30|162||18
MANÍ|85139|0|0|0|0|0|0|8|0|18|12|8|0|230|506|68|198|44|0|31|4|458|1886|216|60|49|128||10
MANIZALES|17001|0|1|0|0|0|0|0|0|4|6|6|1074|15|851|137|1431|392|5229|198|2778|200|1590|148|2111|195|613|5|212
MANTA|25436|0|0|0|0|0|0|0|0|0|8|1|0|0|0|0|0|15|7|21|19|15|6|0|12|7|0||
MANZANARES|17433|0|0|0|0|0|0|0|0|0|0|0|0|21|46|41|99|350|2017|119|26|113|50|73|54|108|43|3|7
MAPIRIPÁN|50325|0|0|0|0|9|0|417|0|776|9|161|0|919|0|411|8|1907|3828|1094|1449|415|270|486|269|1004|27|5|38
MAPIRIPANA|94663|0|0|0|0|0|0|0|0|0|0|0|0|0|0|0|0|0|0|0|0|6|0|53|0|21|0||
MARGARITA|13440|0|0|0|0|8|0|18|0|1|0|1|0|20|1|21|0|3|0|7|0|16|0|19|0|29|0||
MARÍA LA BAJA|13442|0|0|0|0|0|0|9|0|27|0|37|1111|1458|736|4550|3538|3105|1553|912|920|1392|1555|793|1071|938|537||
MARINILLA|05440|0|0|0|0|0|0|0|0|0|0|1|0|396|723|425|1060|194|544|54|789|66|277|79|436|48|122||25
MARIPÍ|15442|0|0|0|0|0|0|0|0|0|0|0|0|0|0|7|0|4|0|6|0|18|4|30|3|24|0||
MARIQUITA|73443|0|0|0|0|8|0|0|0|0|0|8|0|15|0|35|49|88|35|121|24|66|27|162|41|110|53|5|14
MARMATO|17442|0|0|0|0|0|0|11|0|0|0|0|25|0|0|0|0|10|0|0|0|4|7|52|0|15|0||
MARQUETALIA|17444|0|0|0|0|0|0|0|0|4|0|0|0|12|0|53|16|1004|5759|196|40|184|584|92|19|104|12|5|6
MARSELLA|66440|0|0|0|0|0|0|0|0|0|0|4|42|5|1|0|41|4|129|6|64|4|83|22|88|17|51|5|17
MARULANDA|17446|0|0|0|0|0|0|0|0|5|0|0|0|8|0|18|0|157|32|26|18|43|11|53|13|44|72||
MATANZA|68444|0|0|0|0|0|0|0|0|19|0|26|6|102|70|156|77|165|41|151|81|76|22|37|41|47|10||11
MEDELLÍN|05001|0|0|0|22|36|184|137|164|182|3938|132|13043|464|13610|1485|36870|2269|41322|1334|18812|951|24972|790|17848|4049|16201|18|4507
MEDINA|25438|0|0|0|0|0|0|0|0|22|2|21|0|196|0|107|8|318|70|282|127|176|87|227|227|90|129|2|5
MEDIO ATRATO|27425|0|0|0|0|0|0|0|0|0|0|0|0|0|0|0|0|0|0|0|0|107|432|2133|192|127|9||
MEDIO BAUDÓ|27430|0|0|0|0|0|0|0|0|46|0|0|0|18|0|1|0|59|0|58|0|4|0|35|0|24|23||
MEDIO SAN JUAN|27450|0|0|0|0|0|0|0|0|0|0|0|0|4|0|0|0|0|0|0|0|16|520|17|30|14|0||
MELGAR|73449|0|0|0|0|0|6|0|0|0|0|1|16|0|26|10|18|21|54|8|216|27|124|15|122|3|135|3|33
MERCADERES|19450|0|0|0|0|0|0|0|0|0|0|0|0|40|42|86|705|301|450|99|377|108|456|59|334|178|366||123
MESETAS|50330|1|0|0|0|27|0|34|0|207|0|252|20|517|48|398|0|881|34|629|17|475|103|793|156|723|51|1|13
MILÁN|18460|0|0|0|0|4|0|33|0|13|0|114|0|436|0|456|2|944|97|624|43|907|2051|733|116|835|78|5|16
MIRAFLORES|15455|0|0|0|0|0|0|0|0|0|0|1|0|3|0|30|20|26|48|31|23|26|12|12|67|38|68||5
MIRAFLORES|95200|0|0|0|0|8|0|56|0|209|0|107|123|274|0|206|0|364|2|387|0|890|288|1303|232|477|108|7|3
MIRANDA|19455|0|0|0|0|0|0|0|0|0|0|0|95|40|5|493|753|255|219|117|64|91|13|87|8|107|39||17
MIRITI - PARANÁ|91460|0|0|0|0|0|0|0|0|0|0|0|0|0|0|0|0|0|0|0|0|0|0|0|24|0|0||
MISTRATÓ|66456|0|0|0|0|0|0|0|0|28|0|0|15|67|127|113|48|195|23|220|170|350|79|209|238|236|87|6|48
MITÚ|97001|0|0|0|0|0|0|0|0|71|0|58|0|255|1|18|0|65|8|114|47|523|709|268|1068|125|215|1|
MOCOA|86001|0|0|0|0|5|0|11|0|61|24|59|991|481|2454|606|5126|1070|7619|638|5104|588|3450|462|4099|443|2202|16|655
MOGOTES|68464|0|0|0|0|0|0|0|0|6|0|8|0|1|23|22|0|103|0|10|0|7|12|15|66|27|13||
MOLAGAVITA|68468|0|0|0|0|0|0|0|0|5|0|1|0|1|0|56|40|61|0|21|0|10|0|0|0|13|0||
MOMIL|23464|0|0|0|0|0|0|0|0|0|0|0|0|0|171|23|11|81|10|12|6|61|0|10|28|18|87||18
MOMPÓS|13468|0|0|0|0|0|0|0|0|9|0|22|80|75|47|85|46|111|0|75|0|110|5|123|50|83|29||
MONGUA|15464|0|0|0|0|0|0|0|0|0|0|0|0|7|0|7|15|0|17|0|0|55|75|26|64|14|7||
MONGUÍ|15466|0|0|0|0|0|0|0|0|0|0|0|0|0|0|0|0|0|0|5|0|0|0|2|0|0|3||
MONIQUIRÁ|15469|0|0|0|0|0|0|0|0|0|0|0|0|2|3|0|46|6|91|15|18|9|48|25|30|43|12||5
MOÑITOS|23500|0|0|0|0|0|0|14|0|0|6|14|181|6|7|11|252|77|244|20|21|18|33|29|22|37|92||23
MONTEBELLO|05467|0|0|0|0|0|0|0|0|17|0|5|0|138|10|94|235|248|14|146|89|35|23|38|21|63|7||11
MONTECRISTO|13458|0|0|0|0|0|0|0|0|161|0|78|240|2815|1223|1465|120|1879|46|325|27|562|56|764|109|336|24||
MONTELÍBANO|23466|0|0|0|0|0|0|0|0|152|14|101|3495|972|341|1494|3881|2660|4301|644|1901|624|768|777|999|1008|1249|21|325
MONTENEGRO|63470|0|0|0|0|0|0|0|0|0|0|0|0|4|5|9|255|11|575|20|354|20|396|17|628|4|217||98
MONTERÍA|23001|4|9|0|18|22|218|142|671|94|3371|51|7462|292|2873|748|5695|637|13138|297|4266|263|2338|300|2295|235|3229|1|619
MONTERREY|85162|0|0|0|0|0|0|0|0|0|0|0|35|33|518|55|178|321|637|63|117|186|1228|215|56|140|70||17
MORALES|13473|0|0|0|0|0|0|97|0|161|17|166|955|709|1681|786|504|565|743|522|407|199|481|223|195|308|98||8
MORALES|19473|0|0|0|0|0|0|5|0|6|0|0|0|48|2|155|74|137|63|42|18|96|53|40|59|117|79||47
MORELIA|18479|0|0|0|0|0|0|6|0|14|0|20|28|42|50|156|91|295|54|150|17|141|231|70|89|202|137|11|42
MORICHAL|94888|0|0|0|0|0|0|0|0|0|0|0|0|0|0|0|0|0|0|0|0|0|0|14|0|0|0||
MORROA|70473|0|0|0|0|2|0|6|3|12|0|4|5|352|64|980|620|630|490|127|105|540|319|289|255|223|128|2|22
MOSQUERA|25473|0|0|0|0|0|0|0|0|0|0|0|30|0|5|0|245|4|262|0|314|5|207|0|270|0|167||61
MOSQUERA|52473|0|0|0|0|0|0|0|0|2|0|1|0|0|0|69|28|22|383|1|243|15|20|36|13|319|16||17
MOTAVITA|15476|0|0|0|0|0|0|0|0|0|0|0|0|0|0|0|0|5|0|0|12|0|16|0|0|0|0||
MURILLO|73461|0|0|0|0|0|0|0|0|37|0|14|0|34|0|25|0|148|0|73|2|73|13|56|0|35|0||
MURINDÓ|05475|0|0|0|0|0|0|0|0|34|3|23|33|79|3498|152|2522|380|763|18|131|100|336|146|117|37|0||
MUTATÁ|05480|0|0|2|0|7|0|193|0|1129|6|230|1080|3623|2536|1505|1141|434|188|107|34|98|150|301|26|552|3322|12|
MUTISCUA|54480|0|0|0|0|0|0|0|0|0|0|0|0|12|0|0|0|0|0|0|0|0|0|8|0|0|0||
MUZO|15480|0|0|0|0|0|0|0|0|1|0|0|0|15|0|27|13|44|20|0|13|17|46|44|37|54|38|2|12
NARIÑO|05483|0|0|0|0|0|0|3|0|51|0|78|8|252|8|361|11|496|66|435|316|556|472|823|381|807|58|26|12
NARIÑO|25483|0|0|0|0|0|0|0|0|0|0|0|0|0|8|0|0|3|0|8|1|0|0|6|0|8|0||
NARIÑO|52480|0|0|0|0|0|0|0|0|0|0|0|0|0|0|0|0|4|6|0|37|0|1|14|19|37|9||12
NÁTAGA|41483|0|0|0|0|0|0|0|0|0|0|73|0|5|0|60|0|65|14|46|8|47|53|71|66|39|34||
NATAGAIMA|73483|0|0|0|0|0|0|5|0|10|0|0|29|16|0|1480|1628|1009|166|552|118|327|89|555|460|664|83|14|12
NECHÍ|05495|0|0|0|0|0|0|0|0|32|0|35|100|385|26|500|246|384|17|105|30|176|60|286|375|368|243|1|79
NECOCLÍ|05490|0|0|0|0|11|0|114|0|478|0|289|55|1060|483|797|470|662|236|188|166|252|38|247|37|324|32||
NEIRA|17486|0|0|0|0|0|0|0|0|0|0|0|0|3|0|104|3|198|49|32|56|26|29|24|6|81|0||1
NEIVA|41001|4|0|9|6|1|13|5|12|82|646|54|2816|93|5920|270|3001|576|10148|375|6265|637|5611|558|6025|575|5425||1786
NEMOCÓN|25486|0|0|0|0|0|0|0|0|0|0|0|0|0|0|0|0|0|37|0|18|2|22|0|44|5|5||4
NILO|25488|0|0|0|0|0|0|0|0|0|0|0|0|0|0|0|0|4|0|4|9|3|7|0|17|4|8||
NIMAIMA|25489|0|0|0|0|0|0|0|0|0|0|0|0|7|0|18|0|60|39|17|19|15|24|38|10|9|17||
NINGUNO|01001||||||||||||||||||||||||||||
NOBSA|15491|0|0|0|0|0|0|0|0|0|0|0|0|0|61|0|13|0|2|0|5|0|45|4|56|0|19||
NOCAIMA|25491|0|0|0|0|0|0|0|0|0|0|0|0|8|0|7|4|11|59|13|33|23|35|0|45|6|23||6
NORCASIA|17495|0|0|0|0|0|0|0|0|0|0|0|50|0|0|0|0|0|971|0|0|59|174|49|15|76|13|5|10
NÓVITA|27491|0|0|0|0|0|0|0|0|34|0|17|0|33|0|322|64|323|18|188|6|232|34|206|66|97|32||
NUEVA GRANADA|47460|0|0|0|0|0|0|0|0|0|0|0|0|0|0|0|0|0|0|6|0|28|22|33|34|58|16||12
NUEVO COLÓN|15494|0|0|0|0|0|0|0|0|0|0|0|0|0|0|0|0|0|6|0|0|0|0|0|14|0|6||
NUNCHÍA|85225|0|0|0|0|0|0|5|0|0|0|0|0|73|159|82|53|58|58|72|43|60|86|79|64|20|10||
NUQUÍ|27495|0|0|0|0|0|0|0|0|0|0|0|0|17|38|430|455|81|27|22|0|26|0|40|0|68|0||
OBANDO|76497|0|0|0|0|0|0|0|0|0|0|0|0|44|0|0|41|30|69|6|12|6|57|7|107|18|40|1|14
OCAMONTE|68498|0|0|0|0|0|0|0|0|2|0|0|0|1|0|7|0|0|0|0|0|4|0|0|0|0|0||
OCAÑA|54498|0|0|0|0|0|0|34|0|108|11|38|1060|164|270|259|104|364|4725|161|1780|260|2271|326|1383|449|1205|10|138
OIBA|68500|0|0|0|0|0|0|0|0|0|0|8|0|0|76|5|4|11|0|12|0|0|23|16|60|30|0||1
OICATÁ|15500||||||||||||0||0||0||0||0||0||0||||
OLAYA|05501|0|0|0|0|0|0|0|0|0|0|0|0|0|0|0|0|2|0|9|0|12|0|9|0|3|0|7|
OLAYA HERRERA|52490|0|0|0|0|0|0|0|0|10|0|0|50|5|0|548|0|678|0|161|26|66|13|119|18|394|184||33
ONZAGA|68502|0|0|0|0|0|0|0|0|5|0|0|0|9|0|11|0|16|0|15|1|0|0|17|0|16|0||
OPORAPA|41503|0|0|0|0|0|0|0|0|0|0|0|0|9|110|8|25|78|47|41|40|66|120|58|107|64|118||26
ORITO|86320|0|0|0|0|0|0|0|0|40|0|38|160|622|1889|1810|779|3544|1082|1244|851|761|522|1470|915|1083|431|11|163
OROCUÉ|85230|0|0|0|0|0|0|4|0|0|0|0|0|9|8|72|86|65|87|13|3|105|39|85|110|50|57||14
ORTEGA|73504|0|0|0|0|1|0|58|0|44|0|13|67|81|15|289|150|520|15|793|175|598|163|729|131|752|65|4|24
OSPINA|52506|0|0|0|0|0|0|0|0|0|0|0|0|0|0|10|12|0|0|3|0|3|0|0|0|0|0||
OTANCHE|15507|0|0|0|0|0|0|12|0|5|0|2|1|8|78|38|18|38|141|17|8|46|33|52|66|91|79|6|20
OVEJAS|70508|0|0|0|0|3|3|6|0|402|272|47|378|2309|1037|6406|2999|2998|1337|835|520|1222|893|1357|1099|1509|706|10|134
PACHAVITA|15511|0|0|0|0|0|0|0|0|0|0|0|0|0|0|0|10|0|0|2|6|0|3|0|2|0|0||
PACHO|25513|0|0|0|0|0|0|5|0|13|0|0|0|18|245|39|25|93|95|96|228|87|165|75|130|70|89||6
PACOA|97511|0|0|0|0|0|0|0|0|0|0|1|0|7|0|0|0|1|0|6|0|2|0|9|0|1|0||
PÁCORA|17513|0|0|0|0|0|0|0|0|4|0|0|0|0|0|47|0|190|24|46|22|18|7|88|50|31|12|5|
PADILLA|19513|0|0|0|0|0|0|0|0|0|0|0|0|0|0|5|0|14|0|0|0|6|0|15|0|21|1||
PÁEZ|15514|0|0|0|0|0|0|4|0|0|0|0|0|98|88|243|223|143|77|27|13|26|0|26|61|8|0||5
PAEZ|19517|0|0|0|0|0|0|0|0|8|0|10|0|0|0|76|0|125|9|67|23|52|71|93|147|410|1925||
PAICOL|41518|0|0|0|0|0|0|0|0|0|0|0|0|0|0|0|4|5|44|6|14|0|14|4|25|4|56||1
PAILITAS|20517|0|0|0|0|101|0|247|6|76|2|20|170|121|4|1191|577|2074|2603|369|998|853|992|354|446|261|105||2
PAIME|25518|0|0|0|0|0|0|16|0|16|0|0|0|0|0|0|0|26|0|110|4|52|0|41|24|51|77||3
PAIPA|15516|0|0|0|0|0|0|0|0|0|0|0|0|0|3|0|93|7|72|4|56|1|111|0|148|0|55||15
PAJARITO|15518|0|0|0|0|0|0|0|0|4|0|4|25|44|0|29|549|97|180|27|215|14|30|31|5|29|7||
PALERMO|41524|0|0|0|0|0|0|0|0|0|28|0|58|3|16|29|218|67|137|50|174|34|91|34|87|71|133||19
PALESTINA|17524|0|0|0|0|0|0|0|0|0|0|0|0|12|60|18|0|24|10|48|66|22|34|18|50|32|19||
PALESTINA|41530|0|0|0|0|0|0|0|0|1|0|0|4|0|443|2|11|21|104|9|125|44|123|23|159|66|147||39
PALMAR|68522|0|0|0|0|0|0|0|0|0|0|0|0|1|0|0|0|6|0|0|0|4|0|0|0|0|0||
PALMAR DE VARELA|08520|0|0|0|0|0|0|0|0|0|0|0|300|0|203|21|50|0|113|0|45|4|42|4|69|3|45||2
PALMAS DEL SOCORRO|68524|0|0|0|0|0|0|0|0|0|0|0|0|0|0|0|8|0|23|0|7|0|11|5|0|0|0||
PALMIRA|76520|0|0|0|4|0|0|0|0|3|0|0|177|10|20|614|2089|290|367|88|463|128|365|146|593|178|223||105
PALMITO|70523|0|0|0|0|0|0|0|0|0|5|11|0|39|67|112|29|201|27|80|0|54|22|58|66|47|85||
PALOCABILDO|73520|0|0|0|0|0|0|0|0|0|0|9|0|0|4|74|3|206|39|118|12|196|14|150|11|238|18||21
PAMPLONA|54518|0|0|0|0|0|0|1|0|0|0|0|80|13|0|19|241|21|91|48|29|24|42|13|121|24|44||26
PAMPLONITA|54520|0|0|0|0|0|0|0|0|0|0|0|0|3|0|0|0|8|13|2|0|0|8|9|5|0|0||1
PANA PANA|94887||||||||||||0||0||0||0||0||0||0||||
PANDI|25524|0|0|0|0|0|0|0|0|0|0|0|0|12|0|26|11|30|28|31|21|32|24|62|19|16|27||7
PANQUEBA|15522|0|0|0|0|0|0|0|0|1|0|0|22|0|0|6|0|15|0|7|0|4|0|0|0|0|0||
PAPUNAUA|97777|0|0|0|0|0|0|0|0|0|0|0|0|0|0|0|0|0|0|0|0|0|0|0|0|7|0||
PÁRAMO|68533|0|0|0|0|0|0|0|0|0|0|0|0|0|0|0|0|7|0|4|0|0|0|0|0|0|0||
PARATEBUENO|25530|0|0|0|0|0|0|0|0|43|0|2|0|45|0|22|0|68|2|20|5|58|14|49|62|30|74||22
PASCA|25535|0|0|0|0|0|0|0|0|0|0|1|51|3|0|18|0|57|60|53|0|58|26|50|69|55|90||
PASTO|52001|0|0|0|0|0|0|7|6|0|76|10|2605|73|2824|281|12179|2056|12799|277|8090|267|5396|252|7272|328|5986|6|1171
PATÍA|19532|0|0|0|0|0|0|6|0|0|0|0|50|69|5|201|458|497|585|171|468|246|346|308|201|792|514|1|44
PAUNA|15531|0|0|0|0|7|0|5|0|7|0|0|0|0|0|18|27|15|11|8|5|11|5|26|24|39|7|5|4
PAYA|15533|0|0|0|0|0|0|0|0|0|0|0|34|6|0|22|0|6|0|5|0|32|48|13|0|38|0||
PAZ DE ARIPORO|85250|0|0|0|0|0|0|8|0|9|0|8|44|171|4|264|123|368|145|157|83|171|176|215|189|130|279||46
PAZ DE RÍO|15537|0|0|0|0|0|0|0|0|0|0|0|0|4|0|6|0|0|0|7|29|0|0|8|0|0|0||
PEDRAZA|47541|0|0|0|0|0|0|0|0|4|0|0|0|123|7|37|0|93|124|68|0|101|28|99|5|83|0||
PELAYA|20550|0|0|0|0|29|0|206|0|218|0|57|0|171|312|472|80|880|1532|373|454|837|1503|290|181|249|84|1|41
PEÑOL|05541|0|0|0|0|0|0|0|0|0|0|6|0|22|0|568|456|249|154|489|767|99|94|96|9|50|32||4
PENSILVANIA|17541|0|0|0|0|0|0|0|0|0|0|0|45|112|39|146|11|5313|1369|569|214|1444|1368|386|217|306|102|19|30
PEQUE|05543|0|0|0|0|1|0|12|0|42|0|14|0|132|400|5298|9818|87|7|35|24|306|663|38|0|87|0||
PEREIRA|66001|0|0|0|0|0|13|1|0|6|262|16|1889|40|2010|62|3101|134|7041|127|6194|114|6083|142|4651|242|3913|8|791
PESCA|15542|0|0|0|0|0|0|0|0|8|0|0|0|0|0|6|0|0|6|0|6|31|91|0|0|10|0||
PIAMONTE|19533|0|0|0|0|0|0|1|0|0|0|27|0|103|0|363|10|675|0|380|5|461|151|455|97|438|25|14|22
PIEDECUESTA|68547|0|0|0|0|0|0|20|30|8|221|1|994|27|479|23|637|72|1347|44|779|69|496|79|851|57|873||253
PIEDRAS|73547|0|0|0|0|0|0|0|0|1|0|0|0|0|5|0|0|5|0|8|0|3|0|8|6|8|0||
PIENDAMÓ|19548|0|0|0|0|0|0|0|0|0|0|10|138|22|31|25|471|63|280|73|213|56|185|44|270|42|193||73
PIJAO|63548|0|0|0|0|0|0|0|0|0|0|0|0|11|0|46|124|132|210|44|73|65|85|88|59|44|33||23
PIJIÑO DEL CARMEN|47545|0|0|0|0|0|0|0|0|0|0|0|0|0|0|6|0|39|0|24|0|48|0|6|0|48|0||
PINCHOTE|68549|0|0|0|0|0|0|0|0|0|0|0|0|5|0|0|0|6|0|0|0|0|0|6|9|0|5||
PINILLOS|13549|0|0|0|0|0|0|0|0|69|0|103|90|197|0|400|0|344|477|108|152|176|11|197|0|212|0||
PIOJÓ|08549|0|0|0|0|0|0|0|0|3|0|0|0|0|0|0|6|6|10|4|0|6|0|5|6|0|0||
PISBA|15550|0|0|0|0|0|0|0|0|0|0|0|33|12|0|14|0|31|0|18|0|40|0|5|0|20|0||
PITAL|41548|0|0|0|0|0|0|0|0|0|0|0|0|4|0|17|0|20|56|30|45|18|73|23|121|24|62||24
PITALITO|41551|0|0|0|0|0|0|2|6|5|47|16|659|15|487|121|991|415|2149|174|1243|241|970|288|1255|406|2462|18|808
PIVIJAY|47551|0|0|0|0|0|0|0|0|42|0|170|313|3770|3628|1898|262|1460|5|580|2|661|338|588|39|724|4||13
PLANADAS|73555|0|0|0|0|27|0|17|0|16|14|29|267|212|431|744|431|1217|515|729|33|1203|1241|940|864|1031|545|8|75
PLANETA RICA|23555|0|0|0|0|3|0|13|0|24|60|1|142|73|57|221|518|209|659|69|326|52|139|80|239|101|696||126
PLATO|47555|0|0|0|0|8|0|17|0|58|0|42|768|459|843|630|157|813|125|660|553|1017|232|742|221|772|357||68
POLICARPA|52540|0|0|0|0|0|0|0|0|0|0|0|30|0|538|24|148|143|72|277|80|359|545|276|450|1464|57|7|184
POLONUEVO|08558|0|0|0|0|0|0|0|0|0|0|10|153|0|49|1|0|7|43|0|40|6|28|9|24|7|4||2
PONEDERA|08560|0|0|0|0|0|0|0|0|0|0|0|64|1|1309|1|740|5|158|7|55|33|16|3|28|9|7||7
POPAYÁN|19001|0|0|0|0|6|0|16|6|2|0|31|3128|135|1508|400|14826|412|12991|252|6577|252|5024|264|7710|213|5590||2498
PORE|85263|0|0|0|0|0|0|4|0|12|0|38|49|252|149|204|122|173|71|179|15|116|29|68|43|26|22||5
POTOSÍ|52560|0|0|0|0|0|0|0|0|0|0|0|0|2|0|20|291|17|125|3|85|7|47|0|8|32|4||6
PRADERA|76563|0|0|4|0|0|0|0|0|0|0|0|733|25|0|187|244|150|89|372|669|82|185|76|239|69|87||18
PRADO|73563|0|0|0|0|22|0|16|0|10|0|8|125|38|0|459|78|1287|355|171|35|159|23|146|32|231|55|21|20
PROVIDENCIA|52565|0|0|0|0|0|0|0|0|0|0|0|0|0|0|0|45|0|33|2|189|8|48|6|45|0|1||
PROVIDENCIA|88564||||||||||||0||0||0||0||0||0||0||||
PUEBLO BELLO|20570|0|0|0|0|0|0|0|0|0|0|2|0|400|14|148|231|396|730|733|1566|1007|896|350|30|439|130||58
PUEBLO NUEVO|23570|0|0|1|0|0|0|4|0|0|100|0|4|55|4|112|158|118|148|34|48|31|19|62|121|36|86||35
PUEBLO RICO|66572|0|0|0|0|0|0|6|0|35|0|57|185|908|503|585|244|536|764|544|310|394|105|246|109|264|37||3
PUEBLORRICO|05576|0|0|0|0|0|0|0|0|3|0|18|0|37|0|21|0|33|25|31|6|20|12|41|0|22|0||5
PUEBLOVIEJO|47570|0|0|0|0|0|0|0|0|1|0|1|0|2141|2168|316|256|115|130|73|148|59|0|104|27|132|14||8
PUENTE NACIONAL|68572|0|0|0|0|0|0|8|0|0|0|2|0|0|0|21|4|29|0|9|7|21|29|9|6|11|0||6
PUERRES|52573|0|0|0|0|0|0|0|0|0|0|0|23|0|49|19|44|27|100|0|9|8|73|4|60|31|42||6
PUERTO ALEGRÍA|91530|0|0|0|0|0|0|0|0|0|0|0|0|0|0|0|0|13|0|0|0|15|0|1|0|25|0||
PUERTO ARICA|91536|0|0|0|0|0|0|0|0|0|0|0|0|0|0|0|0|5|0|6|0|8|0|15|0|9|0||
PUERTO ASÍS|86568|0|0|0|0|3|0|29|11|112|9|84|1171|3141|840|2251|865|3915|3934|2428|5666|3106|6900|2661|4441|2399|4110|28|608
PUERTO BERRÍO|05579|0|0|5|0|8|0|6|0|38|0|18|0|88|0|159|112|188|147|112|93|148|73|109|110|164|66||
PUERTO BOYACÁ|15572|0|0|0|0|0|0|0|0|13|0|7|69|47|5|49|123|110|314|79|219|78|225|142|189|147|130|7|23
PUERTO CAICEDO|86569|0|0|0|0|0|0|0|0|2|0|10|0|315|6|1354|106|2637|495|900|256|607|214|688|372|704|233|2|59
PUERTO CARREÑO|99001|0|0|0|0|0|0|14|0|12|0|20|12|42|115|117|476|201|420|108|350|103|204|94|321|72|294||4
PUERTO COLOMBIA|08573|0|0|0|0|0|0|0|0|0|0|0|98|11|129|0|312|0|229|8|77|7|27|7|79|0|52||
PUERTO COLOMBIA|94884|0|0|0|0|0|0|0|0|0|0|0|0|0|0|1|0|0|0|0|0|10|0|0|0|11|0||
PUERTO CONCORDIA|50450|0|0|0|0|0|0|1|0|74|0|84|0|463|6|706|188|487|149|222|171|460|276|509|449|535|333||78
PUERTO ESCONDIDO|23574|0|0|0|0|10|0|0|0|3|7|0|95|19|8|56|210|55|469|8|27|56|0|26|25|14|134||
PUERTO GAITÁN|50568|0|0|0|0|0|0|9|0|258|0|139|61|297|5|277|19|175|19|99|3|159|59|211|162|228|583|4|4
PUERTO GUZMÁN|86571|0|0|1|0|0|0|12|0|43|0|27|200|619|0|1043|5|2852|56|1777|611|1170|603|1304|344|1624|231|30|42
PUERTO LIBERTADOR|23580|0|0|0|0|6|6|5|0|149|0|130|3520|1178|1887|2550|1864|2789|2151|423|1818|1002|438|1235|1761|1322|1780|3|643
PUERTO LLERAS|50577|0|0|0|0|0|0|13|6|65|0|252|495|610|419|308|588|398|52|435|123|360|73|580|172|729|503||3
PUERTO LÓPEZ|50573|0|0|0|0|0|0|0|0|21|5|4|60|65|105|96|78|96|135|137|213|208|785|202|220|136|62|4|12
PUERTO NARE|05585|0|0|0|0|0|0|0|0|6|0|5|5|11|0|631|1902|42|1294|29|24|45|31|36|73|76|22||
PUERTO NARIÑO|91540|0|0|0|0|0|0|0|0|0|0|0|0|0|0|0|0|0|0|0|13|0|0|8|0|0|0||4
PUERTO PARRA|68573|0|0|0|0|0|0|4|0|22|0|0|0|15|7|49|12|45|28|40|9|93|94|126|103|151|134||48
PUERTO RICO|18592|0|0|0|0|0|0|8|1|31|18|62|276|164|1100|607|480|1391|132|993|34|777|372|1266|560|1844|508|42|237
PUERTO RICO|50590|0|0|0|0|0|0|23|0|72|0|117|358|734|300|423|381|401|44|588|97|601|514|2992|1902|1602|724|16|25
PUERTO RONDÓN|81591|0|0|0|0|0|0|0|0|3|0|8|0|71|385|58|257|78|69|184|268|311|695|217|278|27|11|7|
PUERTO SALGAR|25572|0|0|0|0|0|0|0|0|5|14|0|0|0|247|0|149|7|191|8|104|16|56|15|82|36|45||2
PUERTO SANTANDER|54553|0|0|0|0|0|0|0|10|0|0|2|351|35|4|24|4|62|7|43|20|95|120|64|33|57|9||
PUERTO SANTANDER|91669|0|0|0|0|0|0|0|0|0|0|0|0|0|0|0|0|2|0|13|0|28|3|16|0|12|0||
PUERTO TEJADA|19573|0|0|0|0|0|0|1|0|0|7|0|120|4|0|42|16|41|83|24|84|39|38|70|6|79|10||
PUERTO TRIUNFO|05591|0|0|0|0|0|0|0|0|6|0|0|44|17|19|514|1091|47|476|32|539|65|264|38|141|53|76||21
PUERTO WILCHES|68575|0|0|6|0|6|0|58|0|261|142|110|716|271|120|521|144|449|98|181|59|211|60|291|332|326|146|2|14
PULÍ|25580|0|0|0|0|0|0|0|0|14|0|8|0|26|0|19|0|248|0|187|0|96|10|32|42|30|30||
PUPIALES|52585|0|0|0|0|0|0|0|1|0|0|0|46|0|0|0|26|0|4|0|4|7|18|2|18|8|10||10
PURACÉ|19585|0|0|0|0|0|0|0|0|0|0|0|0|7|0|52|0|108|0|130|7|126|9|94|0|77|0||
PURIFICACIÓN|73585|0|0|0|0|0|0|0|0|12|0|8|0|28|0|116|210|379|35|138|228|88|111|94|59|140|107||29
PURÍSIMA|23586|0|0|0|0|0|0|0|0|1|0|0|0|20|29|39|128|8|129|2|93|0|14|26|2|4|14||
QUEBRADANEGRA|25592|0|0|0|0|0|0|0|0|0|0|0|0|7|500|0|149|167|115|98|18|43|11|17|25|25|0|1|
QUETAME|25594|0|0|0|0|0|0|7|0|0|0|0|0|0|0|6|0|29|0|1|6|18|1|22|0|5|0||
QUIBDÓ|27001|0|0|0|0|6|76|33|0|176|0|85|2546|4341|9034|1767|14286|3645|21084|1271|4995|530|2012|766|5734|1945|2962|14|
QUIMBAYA|63594|0|0|0|0|0|0|0|0|0|0|0|12|0|85|5|277|0|328|7|314|13|247|49|473|25|126||86
QUINCHÍA|66594|0|0|0|0|0|0|5|0|37|0|6|67|47|167|105|90|319|14|532|61|1080|736|532|348|532|189|23|60
QUÍPAMA|15580|0|0|0|0|0|0|0|0|0|0|0|0|0|0|0|38|4|0|7|0|7|32|42|0|15|0||
QUIPILE|25596|0|0|9|0|0|0|0|0|19|0|7|0|41|70|87|0|108|16|252|22|131|21|64|22|86|11||2
RAGONVALIA|54599|0|0|0|0|0|0|0|0|8|0|0|0|8|0|18|0|9|24|30|10|0|0|5|34|4|10||
RAMIRIQUÍ|15599|0|0|0|0|0|0|0|0|0|0|0|0|0|0|0|16|7|43|25|52|9|23|11|8|3|0||
RÁQUIRA|15600|0|0|0|0|0|0|0|0|0|0|0|0|0|0|0|0|0|0|0|5|0|2|0|0|0|0||
RECETOR|85279|0|0|0|0|0|0|0|0|0|0|0|0|19|0|182|0|195|368|238|88|23|2|8|5|11|0||
REGIDOR|13580|0|0|0|0|0|0|6|0|13|0|19|0|38|0|109|20|79|70|26|2|54|159|41|125|54|2||
REMEDIOS|05604|0|0|0|0|0|0|0|0|21|0|22|281|250|400|571|806|289|72|152|98|96|59|234|78|314|46|1|31
REMOLINO|47605|0|0|0|0|0|0|20|0|6|0|13|0|3518|4868|502|939|281|9|112|0|88|14|62|0|115|3||
REPELÓN|08606|0|0|0|0|3|0|0|0|0|0|0|25|0|0|167|103|17|122|3|13|7|0|16|26|0|0||
RESTREPO|50606|0|0|0|0|0|0|6|0|0|0|0|0|0|9|17|46|51|92|13|124|31|99|38|19|50|71||3
RESTREPO|76606|0|0|0|0|0|0|0|0|0|0|0|0|0|0|116|111|63|21|15|18|44|27|24|138|71|76||46
RETIRO|05607|0|0|0|0|0|0|0|0|1|0|0|0|8|22|18|320|0|22|7|15|4|28|22|49|6|21||3
RICAURTE|25612|0|0|0|0|0|0|0|0|0|0|0|0|0|3|2|26|0|7|7|24|0|0|8|11|0|57||
RICAURTE|52612|0|0|0|0|0|0|0|0|16|0|0|85|3|170|193|475|56|722|195|142|514|306|603|1892|154|69|2|22
RÍO DE ORO|20614|0|0|0|0|0|0|0|0|7|0|31|185|45|42|73|114|53|227|18|36|51|52|57|88|36|78||
RÍO IRO|27580|0|0|0|0|0|0|0|0|0|0|0|0|0|0|0|0|0|0|0|0|10|0|39|0|9|0||
RÍO QUITO|27600|0|0|0|0|0|0|0|0|0|0|0|0|68|0|8|0|420|783|22|10|3|0|43|0|2|0||
RÍO VIEJO|13600|0|0|0|0|0|0|7|0|199|118|182|0|722|286|542|563|451|140|204|287|120|98|195|13|165|32||
RIOBLANCO|73616|0|0|7|0|208|213|532|39|555|280|899|1218|3926|3804|1536|2352|1417|474|387|50|828|373|624|113|1019|11|11|
RIOFRÍO|76616|0|0|0|0|0|0|0|0|0|5|1|0|48|0|54|0|53|83|22|0|110|51|117|129|303|66||17
RIOHACHA|44001|1|12|0|0|111|19|140|10|83|96|21|1289|962|2563|819|3013|2893|7390|794|3960|793|4526|2241|4165|1318|2966|73|637
RIONEGRO|05615|0|0|0|0|0|0|1|0|15|0|0|4|13|1203|55|932|59|1074|26|1708|46|1229|39|922|43|617||158
RIONEGRO|68615|0|0|5|0|0|0|29|9|132|2|71|19|295|34|374|81|342|86|164|148|283|117|191|138|333|193||31
RIOSUCIO|17614|0|0|0|0|4|0|0|0|6|0|3|76|32|50|693|768|683|504|318|174|273|205|235|103|235|18|11|21
RIOSUCIO|27615|0|0|0|0|99|6|1358|1613|1026|229|897|625|13954|5084|2996|2236|3204|1588|591|761|366|35|580|267|536|37|4|10
RISARALDA|17616|0|0|0|0|0|0|0|0|0|0|0|0|9|0|13|16|62|62|37|37|26|6|27|43|30|11|1|9
RIVERA|41615|0|0|0|0|0|0|0|0|9|0|0|83|0|0|11|167|47|141|25|74|31|140|40|182|84|141||47
ROBERTO PAYÁN|52621|0|0|0|0|0|0|0|0|0|0|0|0|0|0|35|0|123|0|119|86|232|183|394|0|246|24||
ROLDANILLO|76622|0|0|0|0|0|0|0|0|0|0|0|0|0|0|12|6|27|20|16|40|66|42|102|217|73|99||26
RONCESVALLES|73622|0|0|0|0|9|0|7|0|21|0|0|0|54|7|175|0|205|3|82|0|135|51|125|17|111|6||
RONDÓN|15621|0|0|0|0|0|0|0|0|0|0|0|0|0|52|0|0|0|0|0|0|0|0|0|0|9|0||
ROSAS|19622|0|0|0|0|0|0|11|0|0|0|0|0|0|0|346|207|133|43|88|17|71|65|31|212|99|44||27
ROVIRA|73624|0|0|0|0|1|0|21|0|12|0|9|0|37|0|239|40|516|30|451|27|617|166|477|67|467|65||57
SABANA DE TORRES|68655|3|0|33|0|14|0|148|0|348|79|196|670|241|1|523|11|560|21|177|7|288|132|287|197|238|105|4|
SABANAGRANDE|08634|0|0|0|0|0|0|0|0|0|0|0|492|4|677|0|456|39|321|0|80|7|90|11|109|20|100||44
SABANALARGA|05628|0|0|0|0|0|0|10|0|24|0|20|95|64|15|58|415|56|1|37|0|35|5|10|0|66|6|1|3
SABANALARGA|08638|0|0|0|0|0|0|0|0|1|0|0|356|4|146|5|210|0|405|38|161|11|148|11|130|47|35||15
SABANALARGA|85300|0|0|0|0|0|0|0|0|0|0|0|0|0|0|2|0|7|41|6|27|17|9|5|21|0|12||
SABANAS DE SAN ANGEL|47660|0|0|0|0|0|0|0|0|0|0|0|0|3|0|6|0|0|0|8|0|65|26|34|0|114|3||
SABANETA|05631|0|0|0|0|0|0|0|0|0|0|5|6|91|38|0|193|3|134|0|127|20|37|0|60|1|39||18
SABOYÁ|15632|0|0|0|0|0|0|0|0|0|0|0|0|3|0|0|0|9|6|0|0|0|0|5|0|5|0||2
SÁCAMA|85315|0|0|0|0|0|0|0|0|5|0|38|0|9|63|0|48|62|248|137|362|14|42|128|239|28|25||10
SÁCHICA|15638|0|0|0|0|0|0|0|0|0|0|0|0|0|0|0|23|2|0|0|0|0|0|0|0|0|0||
SAHAGÚN|23660|0|0|0|0|10|0|0|0|3|0|12|360|33|21|76|55|90|1426|58|191|6|150|40|173|43|80||27
SALADOBLANCO|41660|0|0|0|0|0|0|0|0|4|0|11|30|4|0|26|0|63|43|40|23|57|54|27|121|56|157|1|36
SALAMINA|17653|0|0|0|0|0|0|0|0|2|0|7|90|42|26|66|0|287|30|135|21|130|6|113|44|87|7||10
SALAMINA|47675|0|0|0|0|0|0|0|0|2|0|0|0|487|0|172|0|90|0|81|0|26|5|63|42|65|0||
SALAZAR|54660|0|0|0|0|0|0|0|0|1|0|3|0|11|0|38|0|181|2|63|6|23|64|39|34|76|23||17
SALDAÑA|73671|0|0|0|0|0|0|22|0|17|1|118|299|146|0|29|13|38|3|65|14|44|16|69|14|84|48||
SALENTO|63690|0|0|0|0|0|0|0|0|0|0|0|0|0|0|34|112|51|127|17|52|32|21|21|67|30|55||12
SALGAR|05642|0|0|0|0|0|0|9|0|46|0|32|75|78|0|130|0|203|77|85|31|135|41|105|18|119|21||5
SAMACÁ|15646|0|0|0|0|0|0|0|0|0|0|0|0|0|0|0|7|0|15|4|5|0|35|1|17|0|22||6
SAMANÁ|17662|0|0|0|0|0|0|0|0|0|0|36|55|127|223|466|400|12393|10336|5107|8250|1032|3750|5963|12094|952|82|44|76
SAMANIEGO|52678|0|0|0|0|0|0|0|0|0|0|0|65|0|35|69|2639|136|1559|71|1990|85|923|170|656|99|369||64
SAMPUÉS|70670|0|0|0|0|0|0|11|0|3|0|1|47|28|102|59|172|39|349|24|243|69|184|34|255|25|77||40
SAN AGUSTÍN|41668|0|0|0|0|0|0|0|0|1|0|1|30|13|170|39|149|130|305|158|113|111|150|108|88|192|198||62
SAN ALBERTO|20710|0|0|0|0|8|0|135|0|500|10|170|625|222|550|394|140|286|15|92|0|159|50|159|59|144|49||
SAN ANDRÉS|05647|0|0|0|0|0|0|0|0|13|0|4|0|53|0|50|49|39|11|119|0|93|86|46|28|33|11||
SAN ANDRÉS|68669|0|0|0|0|0|6|0|0|52|11|8|3|52|0|65|40|51|0|87|0|19|7|16|2|40|6||
SAN ANDRÉS|88001|0|0|0|0|0|0|0|0|6|0|0|0|0|2|0|2|0|37|0|6|0|23|0|1|0|0||
SAN ANDRÉS SOTAVENTO|23670|0|0|0|0|15|0|1|0|12|0|3|0|54|11|172|225|269|248|65|205|218|138|102|93|49|246||50
SAN ANTERO|23672|0|0|0|0|0|0|0|0|3|0|0|0|18|0|23|61|32|106|11|24|16|5|14|49|16|36||
SAN ANTONIO|73675|0|0|0|0|0|0|13|0|36|0|31|0|66|37|825|108|1064|26|988|16|511|43|383|58|410|26|12|12
SAN ANTONIO DEL TEQUENDAMA|25645|0|0|0|0|0|0|0|0|0|20|0|0|0|10|0|0|6|10|15|286|20|55|35|42|18|54||
SAN BENITO|68673|0|0|0|0|0|0|0|0|0|0|0|0|0|0|37|0|14|0|9|0|19|8|14|0|16|3||
SAN BENITO ABAD|70678|0|0|0|0|0|0|0|0|2|0|7|0|51|0|190|53|2600|58|218|10|308|180|272|428|277|136|7|77
SAN BERNARDO|25649|0|0|0|0|0|0|0|0|7|0|0|10|11|17|3|0|57|24|51|0|32|0|56|19|35|13||
SAN BERNARDO|52685|0|0|0|0|0|0|0|0|0|0|0|0|5|35|1|18|23|0|27|5|19|0|12|14|3|16||6
SAN BERNARDO DEL VIENTO|23675|0|0|0|0|12|0|0|0|1|0|6|145|36|5|31|173|77|509|37|44|37|44|54|52|35|100||
SAN CALIXTO|54670|0|0|0|0|0|0|1|0|55|0|8|27|68|1801|67|490|455|0|322|193|296|636|330|75|360|203||9
SAN CARLOS|05649|0|0|0|0|0|0|1|0|107|0|294|233|1821|133|3988|393|4513|1098|2025|2845|1141|2537|874|118|526|92|7|7
SAN CARLOS|23678|0|0|0|0|0|0|0|0|1|21|0|0|18|7|40|4|47|35|29|14|28|17|33|37|33|68||35
SAN CARLOS DE GUAROA|50680|0|0|0|0|0|0|5|0|1|0|10|0|14|4|16|0|51|0|32|0|19|1|59|98|63|30||2
SAN CAYETANO|25653|0|0|0|0|0|0|0|0|0|1|0|0|10|0|4|0|13|0|28|0|40|0|10|0|11|0||
SAN CAYETANO|54673|0|0|0|0|0|0|0|0|0|3|0|21|0|7|0|5|5|0|5|0|9|14|3|48|0|19||3
SAN CRISTÓBAL|13620|0|0|0|0|0|0|0|0|0|0|18|0|22|0|28|0|52|0|0|0|21|22|19|0|13|0||
SAN DIEGO|20750|0|0|0|0|0|0|1|0|289|0|54|236|1221|322|646|4720|524|2235|366|439|503|243|456|608|265|446|7|25
SAN EDUARDO|15660|0|0|0|0|5|0|0|0|0|0|0|0|4|0|4|0|2|7|0|9|23|0|3|45|2|0||
SAN ESTANISLAO|13647|0|0|0|0|0|0|0|0|0|0|0|0|1|0|121|108|21|0|289|705|28|24|32|4|14|4||
SAN FELIPE|94883|0|0|0|0|0|0|0|0|0|0|0|0|2|0|1|0|2|0|3|0|0|0|9|0|22|0||
SAN FERNANDO|13650|0|0|0|0|0|0|0|0|9|0|9|0|14|0|4|0|11|0|31|0|8|0|27|0|23|0||
SAN FRANCISCO|05652|0|0|0|0|0|0|0|0|33|0|117|27|1270|1160|576|257|988|26|3825|3500|1902|4108|476|800|282|38||29
SAN FRANCISCO|25658|0|0|0|0|0|0|0|0|0|0|0|0|0|0|0|40|31|147|12|115|0|544|4|112|0|89||19
SAN FRANCISCO|86755|0|0|0|0|0|0|0|0|0|0|0|0|11|61|36|233|38|170|12|61|18|46|13|97|0|43||20
SAN GIL|68679|0|0|0|0|0|0|0|0|0|1|0|1|1|0|24|50|11|46|18|37|24|50|5|106|11|65||23
SAN JACINTO|13654|0|0|0|0|0|0|43|0|85|0|786|5673|2013|1188|1202|448|1602|428|546|649|552|250|534|107|568|163||6
SAN JACINTO DEL CAUCA|13655|0|0|0|0|0|0|0|0|0|0|24|0|15|0|36|0|181|0|73|110|36|8|129|72|28|97||
SAN JERÓNIMO|05656|0|0|0|0|0|0|0|0|6|0|12|0|221|0|9|37|14|18|16|15|3|0|18|0|5|4||
SAN JOAQUÍN|68682|0|0|0|0|0|0|0|0|0|0|0|0|5|3|3|0|6|0|9|4|0|0|6|0|4|0||
SAN JOSÉ|17665|0|0|0|0|0|0|0|0|0|0|0|0|3|0|301|303|34|7|15|63|30|11|16|5|3|0||9
SAN JOSÉ DE LA MONTAÑA|05658|0|0|0|0|5|0|6|0|13|0|14|0|20|0|25|0|18|0|10|0|24|0|41|0|12|0||
SAN JOSÉ DE MIRANDA|68684|0|0|0|0|0|0|1|0|0|0|0|0|0|0|3|0|20|0|2|0|15|7|3|0|13|0||
SAN JOSÉ DE PARE|15664|0|0|0|0|0|0|0|0|0|0|0|0|0|0|0|0|10|0|5|0|5|0|6|0|3|4||
SAN JOSÉ DEL FRAGUA|18610|0|0|0|0|0|0|28|0|74|0|214|168|331|4|568|39|1531|98|378|69|672|275|624|285|943|180|10|65
SAN JOSÉ DEL GUAVIARE|95001|0|0|0|0|11|0|55|0|244|35|328|664|628|319|1391|1839|2566|2225|2363|5657|2284|5296|2516|4710|1890|2114|2|519
SAN JOSÉ DEL PALMAR|27660|0|0|0|0|0|0|15|0|0|0|13|0|30|0|38|40|266|91|747|59|511|313|558|1361|230|12|6|7
SAN JUAN DE ARAMA|50683|0|0|0|0|0|0|3|0|24|0|4|420|209|327|210|266|391|76|300|360|503|861|683|696|788|823||18
SAN JUAN DE BETULIA|70702|0|0|0|0|0|0|0|0|1|0|4|0|14|23|13|0|32|77|5|21|18|0|13|0|22|4||7
SAN JUAN DE RÍO SECO|25662|0|0|0|0|0|0|0|0|5|0|7|0|14|0|127|54|312|67|422|16|209|104|152|43|62|22|1|12
SAN JUAN DE URABÁ|05659|0|0|0|0|0|0|23|0|17|0|41|0|2888|29|387|32|237|65|45|13|132|15|126|61|159|10||
SAN JUAN DEL CESAR|44650|0|0|0|0|0|0|3|0|23|0|0|351|74|373|129|408|2097|3045|2532|3419|4975|9720|950|938|464|1204||67
SAN JUAN NEPOMUCENO|13657|0|0|0|0|0|0|17|0|79|0|48|1562|755|565|573|246|1783|2331|270|123|595|303|550|557|702|1569||21
SAN JUANITO|50686|0|0|0|0|0|0|6|0|1|0|18|0|21|0|137|76|79|102|16|3|52|14|26|40|13|3||
SAN LORENZO|52687|0|0|0|0|0|0|0|0|0|0|0|0|0|0|23|214|28|458|7|401|35|336|51|270|42|71||38
SAN LUIS|05660|0|0|0|0|0|0|7|0|47|0|59|291|3630|3752|2868|3665|2045|1320|948|4172|532|1413|308|151|223|87|1|42
SAN LUIS|73678|0|0|0|0|0|0|0|0|2|0|0|0|5|30|76|0|124|16|117|0|129|25|114|44|106|58|4|
SAN LUIS DE GACENO|15667|0|0|0|0|0|0|0|0|0|0|0|30|0|0|15|40|45|61|30|56|75|60|27|4|48|27||
SAN LUIS DE PALENQUE|85325|0|0|0|0|0|0|0|0|0|0|1|0|16|0|104|0|49|0|12|1|11|34|54|2|19|27||6
SAN MARCOS|70708|0|0|0|0|0|0|9|0|22|0|5|70|128|18|185|401|307|322|40|26|143|87|161|121|105|64||2
SAN MARTÍN|20770|0|0|0|0|12|0|11|0|65|75|33|169|29|0|98|0|181|103|48|76|35|74|116|245|138|169|1|55
SAN MARTÍN|50689|0|0|0|0|0|0|11|17|38|0|7|160|36|220|47|254|161|169|58|391|130|294|66|700|96|695||36
SAN MARTÍN DE LOBA|13667|0|0|0|0|0|0|26|0|72|5|246|201|127|0|205|5|301|0|118|9|148|19|171|44|311|0||
SAN MATEO|15673|0|0|0|0|0|0|0|0|0|0|0|0|0|0|77|0|104|13|33|4|25|0|5|47|3|0||
SAN MIGUEL|68686|0|0|0|0|0|0|0|0|0|0|0|0|4|0|5|0|41|0|0|0|2|200|6|0|3|0||
SAN MIGUEL|86757|0|0|0|0|0|0|0|0|5|0|2|305|999|1782|4690|534|1911|259|660|194|548|131|478|271|600|78|10|17
SAN MIGUEL DE SEMA|15676|0|0|0|0|0|0|0|0|0|0|0|0|0|0|0|0|0|6|0|6|0|5|0|37|0|4||
SAN ONOFRE|70713|0|0|0|0|0|0|14|0|47|0|42|93|6175|2968|2644|3515|2868|457|827|913|1383|662|1456|645|1188|1204|7|188
SAN PABLO|13670|0|0|5|0|4|0|21|0|552|378|356|2721|2105|2214|2860|4024|2482|2383|1016|1560|777|937|2563|1545|1790|2550|6|124
SAN PABLO|52693|0|0|0|0|0|0|0|0|0|0|0|158|0|0|39|188|289|20|66|47|25|38|37|63|101|60||23
SAN PABLO DE BORBUR|15681|0|0|0|0|0|0|0|0|0|0|1|0|0|0|7|42|9|16|11|3|16|0|41|8|60|5||
SAN PEDRO|05664|0|0|0|0|4|0|78|0|164|0|40|0|121|0|242|0|243|16|43|38|37|8|26|1|123|0|23|
SAN PEDRO|70717|0|0|0|0|0|0|0|0|27|0|4|29|114|336|221|239|220|282|60|246|67|191|138|104|61|67||36
SAN PEDRO|76670|0|0|0|0|0|0|0|0|0|0|23|373|533|836|155|114|64|112|49|70|50|42|12|2|53|29||4
SAN PEDRO DE CARTAGO|52694|0|0|0|0|0|0|0|0|0|0|0|0|0|2|0|0|5|0|6|0|2|0|0|56|13|2||7
SAN PEDRO DE URABA|05665|0|0|0|0|15|0|129|11|453|11|296|612|788|647|1731|1580|1003|239|278|48|341|103|365|9|346|61||22
SAN PELAYO|23686|0|0|0|0|0|0|12|3|7|10|0|0|23|15|16|646|33|136|30|129|14|57|16|95|20|139||31
SAN RAFAEL|05667|0|0|0|0|0|0|4|0|32|0|15|83|2290|4234|1098|257|917|937|264|86|1244|2089|356|232|387|171|9|34
SAN ROQUE|05670|0|0|0|0|6|0|0|0|14|0|0|0|41|0|88|21|33|0|742|1429|91|75|57|49|73|8||
SAN SEBASTIÁN|19693|0|0|0|0|0|0|0|0|0|0|0|0|4|0|67|0|120|0|198|0|83|129|53|9|65|0||
SAN SEBASTIÁN DE BUENAVISTA|47692|0|0|0|0|0|0|0|0|7|0|1|0|42|0|15|0|35|0|35|0|47|28|31|0|7|0||
SAN VICENTE|05674|0|0|0|0|11|0|0|0|30|0|0|14|249|162|366|239|224|302|80|133|76|46|78|9|34|28||10
SAN VICENTE DE CHUCURÍ|68689|0|0|4|0|10|0|123|0|385|0|64|0|291|0|412|11|339|11|155|37|191|79|309|225|228|119||48
SAN VICENTE DEL CAGUÁN|18753|0|0|0|0|0|0|93|0|354|88|298|52|587|82|783|77|3502|303|1020|22|1679|2238|1596|714|3132|665|37|147
SAN ZENÓN|47703|0|0|0|0|0|0|0|0|0|0|0|30|7|0|35|0|11|0|0|0|3|6|17|0|31|0||
SANDONÁ|52683|0|0|0|0|0|0|0|0|0|0|0|0|5|0|12|48|28|59|18|30|10|168|3|307|14|128||85
SANTA ANA|47707|0|0|0|0|0|0|0|0|12|0|0|18|18|0|42|0|72|0|65|0|149|47|47|62|45|24||11
SANTA BÁRBARA|05679|0|0|0|0|0|0|0|0|0|0|8|0|19|0|338|343|198|195|73|55|55|27|77|50|62|59||20
SANTA BÁRBARA|52696|0|0|0|0|0|0|0|0|0|0|0|0|14|0|1444|4250|287|0|36|0|69|83|81|128|157|41||12
SANTA BÁRBARA|68705|0|0|0|0|0|0|0|0|1|0|0|0|0|0|2|0|29|0|12|9|1|0|19|0|3|0||
SANTA BÁRBARA DE PINTO|47720|0|0|0|0|0|0|0|0|0|0|0|0|0|0|0|0|0|0|0|0|3|0|11|0|14|4||15
SANTA CATALINA|13673|0|0|0|0|0|0|0|0|0|0|0|0|9|0|15|0|21|7|9|0|57|15|26|0|25|0||
SANTA HELENA DEL OPÓN|68720|0|0|0|0|30|0|32|0|29|0|4|0|338|0|64|0|68|0|21|5|21|0|20|0|54|6||
SANTA ISABEL|73686|0|0|0|0|0|0|6|0|1|0|4|62|19|0|84|0|288|14|65|0|148|33|108|39|86|22||4
SANTA LUCÍA|08675|0|0|0|0|0|0|0|0|0|0|0|0|9|0|1|46|7|263|0|0|1|17|0|4|0|0||
SANTA MARÍA|15690|0|0|0|0|0|0|0|0|0|0|0|0|0|0|0|22|9|50|6|5|28|20|20|8|13|0||
SANTA MARÍA|41676|0|0|0|0|0|0|0|0|0|0|8|0|42|0|83|0|193|7|69|25|83|36|51|87|88|169|6|71
SANTA MARTA|47001|0|1|0|9|0|2|18|55|114|229|66|4060|966|14479|3431|13942|20368|56670|3259|15866|2572|16284|2271|14690|1801|6152|3|2989
SANTA ROSA|13683|0|0|0|5|0|0|7|0|45|0|60|0|878|3727|461|2757|277|108|406|249|253|336|685|531|718|565|4|16
SANTA ROSA|19701|0|0|0|0|0|0|0|0|0|0|15|0|74|0|223|15|204|16|391|250|303|181|298|37|359|1||
SANTA ROSA DE CABAL|66682|0|0|0|0|0|0|0|0|9|9|0|6|0|4|20|246|11|379|22|335|28|390|27|472|44|353|15|165
SANTA ROSA DE OSOS|05686|0|0|0|0|0|0|0|0|0|0|1|0|88|74|94|40|57|22|40|18|48|0|10|0|27|9||5
SANTA ROSA DE VITERBO|15693|0|0|0|0|0|0|0|0|0|0|0|0|0|7|0|1|0|42|10|29|1|35|4|20|4|6||
SANTA ROSA DEL SUR|13688|0|0|0|0|0|0|0|0|55|0|6|431|816|2|1653|1243|979|2286|205|382|156|245|366|219|256|160|12|
SANTA ROSALÍA|99624|0|0|0|0|0|0|1|0|6|0|1|0|49|0|76|35|47|5|25|22|14|0|30|0|25|39||
SANTA SOFÍA|15696|0|0|0|0|0|0|0|0|0|0|0|0|0|0|0|0|0|5|0|0|0|0|0|0|0|0||
SANTACRUZ|52699|0|0|0|0|0|0|0|0|0|0|0|0|3|0|5|0|29|0|14|272|16|8|25|45|42|5||2
SANTAFÉ DE ANTIOQUIA|05042|0|0|0|0|7|0|10|0|28|0|25|3|80|20|77|31|107|71|200|111|85|96|79|50|56|31|3|
SANTANA|15686|0|0|0|0|0|0|0|0|0|0|0|0|0|0|0|3|14|0|4|0|8|18|3|16|16|0||4
SANTANDER DE QUILICHAO|19698|0|0|0|0|0|0|0|0|0|0|5|576|39|1133|964|6501|781|806|192|195|128|242|173|824|143|371||67
SANTIAGO|54680|0|0|0|0|0|0|0|0|0|0|0|250|3|0|11|0|5|0|6|110|7|0|3|0|0|0||
SANTIAGO|86760|0|0|0|0|0|0|0|0|1|0|1|0|411|387|126|57|103|64|43|114|30|39|4|63|79|55||10
SANTIAGO DE TOLÚ|70820|0|0|0|0|8|0|0|0|9|0|16|148|277|70|325|45|189|287|27|41|65|82|42|105|35|92||5
SANTO DOMINGO|05690|0|0|0|0|0|0|15|0|0|4|11|232|156|40|422|542|140|15|88|32|80|51|38|35|59|11||1
SANTO TOMÁS|08685|0|0|0|0|0|0|0|0|0|0|0|85|4|951|0|427|0|231|0|187|0|187|34|197|8|175||9
SANTUARIO|66687|0|0|0|0|0|0|0|0|0|0|0|112|0|2428|503|430|249|248|88|81|89|105|119|202|145|145||52
SAPUYES|52720|0|0|0|0|0|0|0|0|0|0|0|0|0|0|0|0|8|0|5|4|8|0|0|0|0|0||
SARAVENA|81736|0|0|0|0|4|0|17|0|70|0|46|375|174|350|303|354|504|559|495|1267|740|1378|469|674|610|289|15|67
SARDINATA|54720|0|0|0|0|0|0|1|0|26|0|226|2161|533|107|205|101|747|113|343|121|460|457|386|196|920|461|10|74
SASAIMA|25718|0|0|0|0|0|0|0|0|0|0|0|0|1|0|0|32|96|150|84|198|18|51|26|82|42|63||15
SATIVANORTE|15720|0|0|0|0|0|0|0|0|0|0|0|0|0|0|1|0|0|0|11|0|3|6|0|0|3|15||
SATIVASUR|15723|0|0|0|0|0|0|0|0|0|0|0|0|0|0|0|0|1|0|0|0|0|0|0|0|5|0||
SEGOVIA|05736|0|0|1|0|5|0|7|0|123|0|61|30|165|246|655|402|365|224|144|382|117|46|338|192|365|100|6|50
SESQUILÉ|25736|0|0|0|0|0|0|0|0|0|0|0|0|0|0|0|0|16|18|5|26|16|6|9|10|0|0||6
SEVILLA|76736|0|0|0|0|0|0|0|0|0|6|12|632|209|1034|145|111|370|253|166|210|124|94|118|148|141|54||20
SIACHOQUE|15740|0|0|0|0|0|0|0|0|0|0|0|0|0|0|1|0|0|0|0|0|0|7|0|0|0|0||
SIBATÉ|25740|0|0|0|0|0|0|0|0|0|0|5|0|0|0|0|42|24|92|27|60|19|27|8|68|13|49||3
SIBUNDOY|86749|0|0|0|0|0|0|0|0|0|0|0|0|76|109|42|556|73|687|89|516|26|574|45|406|22|382||148
SILOS|54743|0|0|0|0|0|0|2|0|9|0|0|0|19|0|7|0|20|0|4|0|0|0|0|0|3|8||
SILVANIA|25743|0|0|0|0|0|6|0|0|0|8|1|0|0|4|1|8|106|73|775|581|412|122|152|134|137|86||15
SILVIA|19743|0|0|0|0|0|0|4|0|0|0|0|160|21|0|26|36|58|201|52|23|26|8|50|8132|55|1||5
SIMACOTA|68745|0|0|0|0|0|0|4|0|70|0|34|0|192|0|431|0|182|38|135|26|110|32|116|33|207|51||9
SIMIJACA|25745|0|0|0|0|0|0|0|0|7|0|0|0|0|0|4|10|12|7|0|0|0|0|0|0|0|0||
SIMITÍ|13744|0|0|0|0|0|0|13|0|241|0|297|993|504|172|566|148|700|119|249|40|292|40|693|12|701|193|7|
SINCÉ|70742|0|0|0|0|0|0|8|0|0|0|4|60|14|23|63|214|100|1637|79|163|156|102|27|53|45|48||19
SINCELEJO|70001|0|0|0|0|58|0|62|10|46|23|50|6143|869|10194|722|29049|779|31874|631|14451|447|10095|397|11128|290|6050||1828
SIPÍ|27745|0|0|0|0|0|0|5|0|2|0|0|0|0|0|2|0|20|0|12|0|11|0|18|0|42|328||
SITIONUEVO|47745|0|0|0|0|0|0|0|0|3|0|0|8|812|1400|1165|298|711|46|239|22|246|158|318|109|392|281||13
SOACHA|25754|0|0|0|0|0|0|0|0|0|0|0|2326|11|1418|36|2872|27|7290|12|4483|48|6430|79|4923|65|5704|2|1072
SOATÁ|15753|0|0|0|0|0|0|0|0|0|0|0|0|0|0|23|6|11|13|0|0|9|0|13|15|6|12|2|
SOCHA|15757|0|0|0|0|0|0|0|0|0|0|0|0|8|0|6|0|11|0|20|0|23|50|6|40|0|12||2
SOCORRO|68755|0|0|0|0|0|0|0|0|1|0|0|1|3|22|5|89|3|69|21|71|13|46|24|87|20|34||6
SOCOTÁ|15755|0|0|0|0|7|0|0|0|0|0|0|56|5|0|4|0|47|28|29|0|52|5|104|0|25|5||
SOGAMOSO|15759|0|0|0|0|0|0|0|0|0|0|0|649|14|879|23|768|54|681|19|399|23|764|22|645|27|274||29
SOLANO|18756|0|0|0|0|0|0|2|0|43|0|262|0|417|0|375|24|704|5|545|4|553|280|697|131|746|112|18|48
SOLEDAD|08758|0|0|0|0|0|0|8|0|4|43|0|1134|19|2726|8|4983|21|9269|22|5095|60|5074|87|4872|54|3974|4|494
SOLITA|18785|0|0|0|0|0|0|11|0|0|0|29|0|776|4|922|191|1518|51|647|17|579|46|473|143|576|129|11|59
SOMONDOCO|15761|0|0|0|0|0|0|0|0|0|0|0|0|0|0|0|35|5|1|0|3|11|7|4|0|8|0||
SONSON|05756|0|0|0|0|0|0|0|0|16|0|9|0|66|80|340|577|732|562|1576|2009|531|412|693|337|539|251|18|95
SOPETRÁN|05761|0|0|0|0|0|0|4|0|0|4|0|6|14|0|29|31|36|44|10|43|5|7|7|36|24|0||
SOPLAVIENTO|13760|0|0|0|0|0|0|0|0|0|0|0|0|9|0|9|0|24|0|4|81|6|0|2|21|39|26||
SOPÓ|25758|0|0|0|0|0|0|0|0|0|8|0|0|0|0|0|0|0|78|0|45|0|1|2|58|0|9||3
SORA|15762|0|0|0|0|0|0|0|0|0|0|0|0|0|0|0|0|0|0|0|2|0|0|0|0|0|0||
SORACÁ|15764|0|0|0|0|0|0|0|0|0|0|0|0|0|0|0|0|0|0|0|10|0|0|0|0|0|0||
SOTAQUIRÁ|15763|0|0|0|0|0|0|0|0|0|0|0|0|0|0|0|0|0|0|7|0|3|0|0|5|0|4||2
SOTARA|19760|0|0|0|0|0|0|0|0|0|0|0|0|19|40|23|15|61|0|26|7|34|0|98|19|59|22||4
SUAITA|68770|0|0|0|0|0|0|3|0|0|0|0|0|0|0|20|0|32|0|26|0|24|21|37|62|8|88||
SUAN|08770|0|0|0|0|0|0|0|0|0|0|0|0|0|1373|7|208|0|20|3|26|0|0|3|0|8|26||5
SUÁREZ|19780|0|0|0|0|0|0|0|0|0|0|0|60|63|790|258|4450|233|0|54|7|120|125|176|36|43|72||18
SUÁREZ|73770|0|0|0|0|0|0|0|0|0|0|0|7|0|0|0|22|2|28|8|0|12|4|15|0|20|0||
SUAZA|41770|0|0|0|0|0|0|0|0|29|0|0|0|6|0|28|66|103|98|47|69|60|74|90|216|73|271|2|73
SUBACHOQUE|25769|0|0|0|0|0|0|0|0|0|0|0|0|0|0|6|0|0|0|0|20|10|4|3|0|0|0||
SUCRE|19785|0|0|0|0|0|0|0|0|0|0|0|0|8|0|0|0|0|0|0|0|6|0|40|19|222|0||
SUCRE|68773|0|0|0|0|0|0|13|0|10|0|5|0|28|0|156|0|93|5|66|16|22|8|18|6|74|0||
SUCRE|70771|0|0|0|0|0|0|0|0|36|0|41|36|225|0|309|164|1026|198|132|47|273|62|353|66|273|11|3|
SUESCA|25772|0|0|0|0|0|0|0|0|0|0|0|0|0|0|0|0|0|0|0|12|0|30|4|30|0|3||
SUPATÁ|25777|0|0|0|0|0|0|0|0|0|0|0|0|0|0|0|0|0|0|13|0|17|29|6|14|1|6||5
SUPÍA|17777|0|0|0|0|0|0|0|0|0|0|0|103|7|51|56|18|81|110|42|0|97|27|69|12|63|6|10|7
SURATÁ|68780|0|0|0|0|0|0|5|0|13|0|4|0|54|120|418|40|204|0|155|192|66|48|35|43|28|17||8
SUSA|25779|0|0|0|0|0|0|0|0|0|0|0|0|0|0|0|0|0|0|7|0|0|0|0|0|0|0||
SUSACÓN|15774|0|0|0|0|0|0|0|0|0|0|1|0|11|0|0|0|13|0|18|0|6|0|3|0|21|0|1|
SUTAMARCHÁN|15776|0|0|0|0|0|0|0|0|0|0|0|0|0|0|0|6|0|0|0|0|0|0|0|0|0|0||
SUTATAUSA|25781|0|0|0|0|0|0|0|0|0|0|0|0|0|0|0|0|0|12|0|3|0|0|0|0|0|21||
SUTATENZA|15778|0|0|0|0|0|0|0|0|0|0|0|0|0|0|0|15|0|4|0|6|0|7|0|4|0|23||
TABIO|25785|0|0|0|0|0|0|0|0|0|0|0|0|0|0|0|32|0|6|4|29|5|44|0|58|0|21||3
TADÓ|27787|0|0|0|0|0|0|20|0|50|0|14|96|228|47|819|220|733|344|200|483|118|70|43|0|55|0||
TALAIGUA NUEVO|13780|0|0|0|0|0|0|0|0|0|0|4|0|25|0|18|0|26|0|25|0|36|20|43|14|45|1||
TAMALAMEQUE|20787|0|0|0|0|0|0|12|0|0|0|0|0|24|0|66|131|117|277|57|82|69|22|75|22|69|52||28
TÁMARA|85400|0|0|0|0|0|0|0|0|1|0|52|0|73|174|48|0|103|29|74|14|66|56|46|11|51|26||
TAME|81794|0|0|0|0|6|0|10|0|71|0|58|155|258|369|375|761|2515|2528|2125|1198|1942|807|2674|1155|1554|669|2|77
TÁMESIS|05789|0|0|0|0|0|0|0|0|0|0|0|18|20|30|62|148|68|3|48|0|45|5|73|11|34|0||
TAMINANGO|52786|0|0|0|0|0|0|0|0|0|0|0|0|0|0|16|2300|75|1598|15|906|42|562|20|851|77|298||604
TANGUA|52788|0|0|0|0|0|0|0|0|0|0|0|0|0|0|0|15|108|149|22|19|6|0|25|9|21|8||
TARAIRA|97666|0|0|0|0|0|0|0|0|0|0|1|0|0|0|4|0|7|0|0|0|0|0|3|0|8|0||
TARAPACÁ|91798|0|0|0|0|0|0|0|0|0|0|0|0|0|0|0|0|3|0|4|7|19|0|0|0|5|0||
TARAZÁ|05790|0|0|0|0|0|0|17|0|46|0|38|0|122|0|2031|2671|800|278|196|366|449|90|396|622|786|277|6|225
TARQUI|41791|0|0|0|0|0|0|0|0|0|0|0|0|0|0|0|21|25|6|69|27|29|103|20|63|38|77||14
TARSO|05792|0|0|0|0|0|0|0|0|0|0|16|0|3|0|25|0|2|0|21|0|3|0|4|0|3|0||
TASCO|15790|0|0|0|0|0|0|3|0|0|0|0|0|0|0|5|10|4|0|12|23|0|7|0|36|0|10||
TAURAMENA|85410|0|0|0|0|0|0|4|0|7|0|7|73|57|343|109|248|395|287|92|119|428|997|460|50|58|372|3|6
TAUSA|25793|0|0|0|0|0|0|0|0|0|0|0|0|0|0|0|0|0|0|0|0|0|0|4|0|0|0||
TELLO|41799|0|0|0|0|0|0|0|0|6|0|0|0|18|91|35|0|185|58|265|19|207|82|202|7|242|42||
TENA|25797|0|0|0|0|0|0|0|0|0|0|0|0|9|0|0|16|3|23|0|21|4|40|9|27|20|12||6
TENERIFE|47798|0|0|0|0|0|0|1|0|17|0|43|78|115|99|95|0|231|0|135|6|180|15|147|26|105|13||
TENJO|25799|0|0|0|0|0|0|0|0|0|0|0|0|0|0|5|13|0|139|0|86|0|92|0|83|4|49||7
TENZA|15798|0|0|0|0|0|0|0|0|0|0|0|0|0|0|0|0|1|0|0|0|0|6|0|0|2|0||
TEORAMA|54800|0|0|0|0|0|0|0|0|98|0|5|0|36|0|46|40|1675|165|203|39|90|85|181|551|445|194||26
TERUEL|41801|0|0|0|0|0|0|5|0|0|0|0|0|1|2|12|35|24|135|34|10|29|10|36|15|43|13||4
TESALIA|41797|0|0|0|0|0|0|0|0|0|0|0|0|6|0|13|36|24|98|20|41|12|24|18|69|37|57||23
TIBACUY|25805|0|0|0|0|0|0|5|0|0|0|0|0|5|0|10|0|49|0|136|3|140|16|71|11|48|11|5|6
TIBANÁ|15804|0|0|0|0|0|0|0|0|0|0|0|0|0|34|3|0|0|0|0|0|1|0|0|0|3|0||
TIBASOSA|15806|0|0|0|0|0|0|0|0|0|0|0|0|0|0|0|0|0|35|0|51|0|43|7|33|0|5||1
TIBIRITA|25807|0|0|0|0|0|0|0|0|0|0|0|0|0|8|0|0|0|0|5|0|0|0|12|6|0|24||
TIBÚ|54810|0|0|0|0|54|36|150|12|313|215|3808|1528|3052|720|4490|1095|4569|1256|2253|981|2122|1612|2218|475|1683|324|10|20
TIERRALTA|23807|0|0|12|5|293|53|220|0|1964|407|2043|2878|9680|6157|9401|9604|6385|6556|1297|4132|781|548|903|253|1240|378|92|174
TIMANÁ|41807|0|0|0|0|0|0|0|0|0|0|0|0|0|3|14|44|71|5|59|20|72|103|33|114|37|250||90
TIMBÍO|19807|0|0|0|0|0|0|0|0|8|0|0|40|66|77|171|168|414|272|204|226|164|189|188|176|195|244|2|73
TIMBIQUÍ|19809|0|0|0|0|52|2|26|0|24|0|0|0|6|0|34|96|1110|720|56|0|71|0|57|12|121|0||
TINJACÁ|15808||||||||||||0||0||0||0||0||0||0||||
TIPACOQUE|15810|0|0|0|0|0|0|0|0|0|0|0|0|1|0|3|0|0|0|0|0|0|0|0|0|0|0||
TIQUISIO|13810|0|0|0|0|8|0|3|0|359|0|693|2162|2532|495|2059|96|1304|1|403|0|364|105|947|670|333|55||
TITIRIBÍ|05809|0|0|0|0|0|0|0|0|0|0|0|0|29|0|43|0|31|11|26|3|0|0|0|5|11|0|8|
TOCA|15814|0|0|0|0|0|0|0|0|0|0|0|0|0|36|0|49|0|0|0|5|0|0|0|0|0|0||
TOCAIMA|25815|0|0|0|0|0|0|0|0|46|5|0|0|4|0|16|4|43|7|41|34|84|5|41|12|36|2|4|7
TOCANCIPÁ|25817|0|0|0|0|0|0|0|0|0|0|0|0|0|0|0|31|0|32|0|32|0|115|0|74|6|66||
TOGÜÍ|15816|0|0|0|0|0|0|0|0|0|0|0|0|0|0|0|10|10|39|1|0|4|0|1|0|0|0||
TOLEDO|05819|0|0|0|0|0|0|0|0|28|0|11|830|89|15|106|91|57|14|23|0|32|22|41|0|30|8|1|
TOLEDO|54820|0|0|0|0|8|0|6|0|3|3|13|0|44|23|48|169|79|24|20|0|31|23|19|51|47|13||30
TOLÚ VIEJO|70823|0|0|0|0|5|0|83|0|0|0|14|0|325|364|1318|141|1602|641|499|328|670|536|432|352|413|60||128
TONA|68820|0|0|0|0|0|0|0|0|2|0|14|0|26|8|14|6|56|4|24|17|9|0|19|0|23|4||
TÓPAGA|15820|0|0|0|0|0|0|0|0|0|0|0|0|0|0|0|0|0|0|1|0|0|0|1|0|2|0||
TOPAIPÍ|25823|0|0|0|0|14|0|5|0|3|0|0|0|13|200|15|0|399|0|357|0|70|0|72|5|34|34||3
TORIBIO|19821|0|0|0|0|0|0|0|0|1|0|11|70|0|0|52|20|1345|2813|29|258|76|374|471|4492|80|12||
TORO|76823|0|0|0|0|0|0|0|0|0|0|0|0|0|0|5|0|4|27|1|59|19|63|14|66|38|54||15
TOTA|15822|0|0|0|0|0|0|0|0|0|0|0|0|0|0|0|0|7|0|0|0|0|0|0|0|0|0||
TOTORÓ|19824|0|0|0|0|0|0|4|0|13|0|0|0|4|0|30|0|40|0|9|21|20|21|31|0|17|0||
TRINIDAD|85430|0|0|0|0|0|0|0|0|14|0|0|0|31|0|125|13|103|51|78|18|87|100|83|50|47|67||3
TRUJILLO|76828|0|0|0|0|0|0|0|0|1|1|25|67|186|0|39|0|54|16|60|11|137|49|109|108|123|187||12
TUBARÁ|08832|0|0|0|0|0|0|0|0|0|0|0|0|0|70|0|5|0|102|0|77|0|77|1|36|0|19||9
TULUÁ|76834|0|0|0|0|0|0|0|0|1|0|358|2384|4099|4397|1517|6428|470|603|230|567|570|1332|484|1166|556|1092|5|338
TUMACO|52835|0|0|0|0|0|0|0|0|0|0|5|405|65|1699|1400|1372|2702|2251|1457|3267|1160|3332|1302|2952|2199|2984|17|435
TUNJA|15001|0|0|0|0|0|0|0|0|0|23|7|657|1|1055|5|1086|40|745|31|432|22|621|0|522|15|392||36
TUNUNGUÁ|15832|0|0|0|0|0|0|2|0|0|0|0|0|0|0|0|0|0|0|0|0|1|0|0|0|4|0||
TÚQUERRES|52838|0|0|0|0|0|0|0|0|0|0|0|0|0|0|9|32|7|102|10|111|10|85|2|92|16|16||23
TURBACO|13836|0|0|0|0|0|0|0|0|9|0|0|363|181|1492|44|1430|71|622|174|376|245|516|70|238|63|89||5
TURBANÁ|13838|0|0|0|0|0|0|0|0|0|0|0|0|2|0|30|0|35|34|0|0|10|7|12|6|0|0||
TURBO|05837|0|0|18|0|84|1|386|9|1519|20|1094|775|3234|7727|4273|4110|1451|1811|510|1022|557|845|6355|5690|984|369|40|171
TURMEQUÉ|15835|0|0|0|0|0|0|0|0|0|0|0|0|0|0|0|0|0|0|0|0|2|0|0|0|0|0||
TUTA|15837|0|0|0|0|0|0|0|0|0|0|0|0|0|0|0|0|0|3|0|3|0|0|5|0|7|0||
TUTAZÁ|15839|0|0|0|0|0|0|0|0|0|0|0|0|0|0|6|0|4|0|3|3|11|3|0|0|5|0||
UBALÁ|25839|0|0|0|0|0|0|0|0|12|0|0|74|0|0|0|0|30|0|58|10|92|20|82|26|33|19||
UBAQUE|25841|0|0|0|0|0|0|0|0|0|0|16|0|1|0|0|0|20|0|0|15|3|20|21|10|25|4||
ULLOA|76845|0|0|0|0|6|0|0|0|0|0|0|0|12|0|7|0|16|5|18|14|18|15|14|38|10|0||
UMBITA|15842|0|0|0|0|0|0|0|0|0|0|0|0|0|0|6|0|0|0|14|0|7|3|0|0|3|0||
UNE|25845|0|0|0|0|0|0|0|0|0|0|0|0|0|0|6|0|21|38|6|19|12|0|32|11|14|0||12
UNGUÍA|27800|0|0|0|0|0|0|54|0|143|22|88|328|1099|86|979|1058|501|502|144|53|148|47|147|21|322|137||5
UNIÓN PANAMERICANA|27810|0|0|0|0|0|0|0|0|0|0|0|0|0|0|0|0|0|0|0|0|8|0|5|0|5|0||
URAMITA|05842|0|0|0|0|0|0|3|0|93|22|3|170|399|545|427|744|73|54|43|33|49|5|108|48|106|10||12
URIBE|50370|0|0|0|0|0|0|82|0|100|0|108|22|212|0|117|0|625|24|1892|3053|356|34|499|56|448|0|6|9
URIBIA|44847|0|0|0|0|0|0|0|0|0|0|0|0|8|0|0|0|17|0|10|0|167|835|31|1|59|108||
URRAO|05847|0|0|0|0|16|0|43|0|330|3|57|587|1037|7127|1438|677|827|464|544|285|999|866|1363|1570|1236|365|38|196
URUMITA|44855|0|0|0|0|0|0|0|0|15|0|1|150|13|330|86|242|211|453|62|122|105|89|85|48|73|280|6|19
USIACURÍ|08849|0|0|0|0|0|0|0|0|0|0|0|0|0|0|0|7|0|7|2|686|0|7|0|0|0|0||
ÚTICA|25851|0|0|0|0|0|0|0|0|0|0|0|0|0|10|22|79|33|432|64|12|27|15|27|25|13|12||4
VALDIVIA|05854|0|0|0|0|0|0|0|0|26|1|13|4|37|0|48|0|96|73|26|84|50|52|183|62|148|61||9
VALENCIA|23855|0|0|25|48|40|45|212|20|139|52|262|3399|367|57|4200|3774|3338|6028|427|826|387|753|1394|1968|581|1306|4|296
VALLE DE SAN JOSÉ|68855|0|0|0|0|0|0|0|0|0|0|0|0|0|0|0|0|3|0|13|0|0|0|0|27|0|0||
VALLE DE SAN JUAN|73854|0|0|0|0|0|0|0|0|0|0|3|0|0|0|129|203|99|40|26|7|4|16|30|41|20|16||
VALLE DEL GUAMUEZ|86865|0|0|0|0|0|0|6|0|30|0|195|1470|2321|3970|3109|635|4456|824|2458|2557|1164|465|1051|376|2097|2171|16|130
VALLEDUPAR|20001|0|0|0|0|24|4|121|8|171|34|124|4908|4212|7016|3927|13471|7203|20358|4314|17642|2963|10039|2287|10892|1866|6208|9|1314
VALPARAÍSO|05856|0|0|0|0|0|0|0|0|0|0|0|0|3|0|17|1|21|4|22|11|16|14|15|0|0|10||
VALPARAÍSO|18860|0|0|5|0|0|0|3|5|58|1|842|0|845|490|693|110|1941|129|774|318|708|161|449|155|734|438|6|54
VEGACHÍ|05858|0|0|0|0|4|0|0|0|52|0|15|39|112|4|235|32|179|195|71|8|96|8|143|8|97|3||
VÉLEZ|68861|0|0|0|0|0|0|0|0|6|0|6|0|16|70|15|168|36|83|22|80|28|25|32|33|80|14||16
VENADILLO|73861|0|0|0|0|5|0|13|0|0|0|4|0|47|0|138|46|178|41|108|19|168|47|146|60|155|16|2|19
VENECIA|05861|0|0|0|0|0|0|0|0|4|0|12|0|24|0|24|8|40|0|5|3|13|7|12|0|24|10||
VENECIA|25506|0|0|0|0|0|0|0|0|3|0|0|40|0|0|5|0|54|0|48|11|64|20|10|23|65|39||3
VENTAQUEMADA|15861|0|0|0|0|0|0|0|0|0|0|5|0|1|0|0|0|1|4|1|0|0|4|3|16|2|6||
VERGARA|25862|0|0|0|0|0|0|0|0|0|0|0|0|0|0|6|0|126|48|125|38|77|31|60|115|40|41||13
VERSALLES|76863|0|0|0|0|0|0|0|0|0|0|0|0|1|0|6|0|20|10|0|18|39|14|81|12|220|9||
VETAS|68867|0|0|0|0|0|0|0|0|0|0|0|0|0|0|9|0|5|0|0|0|0|0|0|0|0|0||
VIANÍ|25867|0|0|0|0|0|0|0|0|1|0|13|0|0|0|22|0|23|0|122|0|59|0|25|1|20|4||
VICTORIA|17867|0|0|0|0|0|0|0|0|6|0|0|0|4|0|0|0|77|100|16|30|41|10|33|0|30|11||
VIGÍA DEL FUERTE|05873|0|0|0|0|0|0|18|0|56|0|47|383|1553|2|657|0|1982|0|53|300|127|125|180|40|122|13|16|7
VIJES|76869|0|0|0|0|0|0|0|0|0|0|0|0|8|0|13|0|10|10|2|14|14|10|8|1|0|11||3
VILLA CARO|54871|0|0|0|0|0|0|0|0|0|0|0|0|12|4|4|0|27|0|24|0|3|0|3|0|12|1||5
VILLA DE LEYVA|15407|0|0|0|0|0|0|0|0|0|0|0|0|0|0|0|45|0|5|0|0|0|0|0|4|0|31||3
VILLA DE SAN DIEGO DE UBATE|25843|0|0|0|0|0|0|0|0|0|0|0|0|0|0|0|0|0|32|10|6|3|7|4|31|7|47||16
VILLA DEL ROSARIO|54874|0|0|0|0|0|0|0|0|13|86|4|247|12|221|41|189|53|270|69|290|32|513|88|315|90|422||92
VILLA RICA|19845|0|0|0|0|0|0|0|0|0|0|0|0|0|0|9|0|0|9|3|5|0|53|0|18|0|14||16
VILLAGARZÓN|86885|0|0|0|0|0|0|6|0|31|0|40|0|423|10|1018|322|1728|1193|1296|1512|707|650|591|820|642|670|9|196
VILLAGÓMEZ|25871|0|0|0|0|0|0|0|0|7|0|0|0|19|0|24|0|43|11|45|15|0|14|10|0|10|11||
VILLAHERMOSA|73870|0|0|0|0|0|0|5|0|5|0|16|0|12|0|31|0|209|0|191|0|379|33|198|47|149|21||
VILLAMARÍA|17873|0|0|0|0|0|0|0|0|0|0|0|0|0|0|3|20|33|215|27|156|25|205|43|143|23|43||17
VILLANUEVA|13873|0|0|0|0|0|0|0|0|0|0|0|0|45|130|1599|1208|184|205|133|101|147|148|121|15|153|22||
VILLANUEVA|44874|0|0|0|0|0|23|4|47|26|13|0|115|45|182|54|192|371|317|828|794|262|309|305|134|207|38||48
VILLANUEVA|68872|0|0|0|0|0|0|0|0|0|0|0|0|7|0|8|0|0|0|0|0|9|0|0|0|17|0||
VILLANUEVA|85440|0|0|0|0|0|0|0|0|9|0|9|0|39|0|100|27|103|170|76|73|326|460|312|102|124|186||37
VILLAPINZÓN|25873|0|0|0|0|0|0|0|0|0|0|0|0|0|0|0|0|8|0|210|508|0|27|0|0|6|0||
VILLARRICA|73873|0|0|0|0|16|0|17|0|17|0|23|30|169|0|366|0|908|37|205|4|172|28|244|33|255|34||4
VILLAVICENCIO|50001|0|0|0|0|7|3|15|0|71|1450|75|8665|139|5335|247|7487|539|10662|341|10610|451|10946|558|14290|511|9585|7|850
VILLAVIEJA|41872|0|0|0|0|4|0|0|0|7|0|0|2|0|0|64|23|54|54|13|34|31|46|80|46|83|206||10
VILLETA|25875|0|0|0|0|0|0|0|0|0|0|0|0|24|0|18|73|92|95|152|66|68|49|43|25|25|37||1
VIOTÁ|25878|0|0|0|0|0|0|22|0|55|0|0|125|114|0|178|0|218|21|3754|11862|489|55|162|97|106|40|5|7
VIRACACHÁ|15879|0|0|0|0|0|0|0|0|0|0|0|0|0|0|0|15|0|29|0|0|0|0|5|0|0|0||
VISTAHERMOSA|50711|0|0|0|0|15|0|35|0|33|0|67|31|873|0|734|62|2245|190|764|503|1237|1004|3338|2453|4195|3181|26|18
VITERBO|17877|0|0|0|0|0|0|0|0|0|0|0|0|5|0|15|0|30|53|0|37|25|25|22|32|26|14||7
YACOPÍ|25885|0|0|5|0|13|0|24|0|49|0|18|158|148|540|503|272|301|73|115|6|118|26|123|43|103|100|4|26
YACUANQUER|52885|0|0|0|0|0|0|0|0|0|0|0|0|0|0|3|0|4|8|0|46|3|22|0|0|2|21||
YAGUARÁ|41885|0|0|0|0|0|0|0|0|0|0|11|0|0|3|3|31|5|41|5|7|0|28|4|15|0|42||
YALÍ|05885|0|0|0|0|0|0|0|0|0|0|0|300|15|0|166|400|225|9|4|12|77|56|48|58|14|7|4|9
YARUMAL|05887|0|0|0|0|0|0|11|0|19|0|6|0|224|80|94|197|108|97|47|74|87|47|85|52|128|66|22|25
YAVARATÉ|97889|0|0|0|0|0|0|0|0|0|0|0|0|0|0|0|0|0|0|0|0|0|13|0|4|2|0||
YOLOMBÓ|05890|0|0|0|0|0|0|4|0|4|0|29|389|138|7|699|287|226|49|119|27|44|14|131|8|46|18|4|
YONDÓ|05893|0|0|0|0|0|0|139|0|248|114|116|671|4316|3391|1740|1961|826|386|537|196|490|31|558|81|515|316|6|17
YOPAL|85001|0|0|0|0|6|0|0|0|20|24|17|1232|179|947|1267|3809|402|2036|366|2364|529|2577|370|1625|240|1720||313
YOTOCO|76890|0|0|0|0|0|0|0|0|0|0|0|0|0|0|13|1|11|24|0|10|14|0|33|5|4|2||
YUMBO|76892|0|0|0|0|0|0|0|0|6|2|0|114|5|32|13|178|37|683|24|412|62|388|36|309|34|197|2|59
ZAMBRANO|13894|0|0|0|0|0|0|0|0|43|0|107|710|1737|287|1692|507|1429|460|475|222|475|332|243|13|232|19||
ZAPATOCA|68895|0|0|0|0|0|0|9|0|5|0|0|0|46|0|30|3|78|22|36|18|18|19|23|8|15|0||
ZAPAYÁN|47960|0|0|0|0|0|0|0|0|0|0|0|0|0|0|0|0|0|0|0|0|24|0|14|0|8|0||
ZARAGOZA|05895|0|0|0|0|12|5|0|0|21|0|54|0|305|10|1112|1928|577|39|159|2544|172|94|364|312|357|53|13|11
ZARZAL|76895|0|0|0|0|0|0|0|0|0|0|0|0|1|11|20|19|23|39|89|68|24|66|55|102|45|75|7|38
ZETAQUIRA|15897|0|0|0|0|0|0|0|0|0|0|0|0|0|0|11|0|8|0|6|7|38|10|12|40|12|13||9
ZIPACÓN|25898|0|0|0|0|0|0|0|0|0|0|0|0|0|0|0|15|0|19|0|0|0|0|0|8|0|12||
ZIPAQUIRÁ|25899|0|0|0|0|0|0|0|0|0|0|0|0|0|34|0|103|0|168|21|394|0|269|6|229|0|127||23
ZONA BANANERA|47980|0|0|0|0|0|0|0|0|1|0|0|0|6|0|11|10|0|1|15|132|757|370|843|241|733|93||37
